10	-3.34184574685466E-005	-0.5616007068
10.0461579028	-3.35669319827185E-005	-0.5641929516
10.0925288608	-3.37167802345602E-005	-0.5667971618
10.1391138574	-0.000033868	-0.5694133927
10.1859138805	-3.4020648955018E-005	-0.5720416997
10.2329299228	-3.41746951868539E-005	-0.5746821387
10.2801629813	-3.43301667107653E-005	-0.5773347655
10.3276140576	-3.44870767304527E-005	-0.5799996366
10.3752841582	-3.46454385421943E-005	-0.5826768083
10.4231742939	-3.48052655743832E-005	-0.5853663375
10.4712854805	-3.49665713817418E-005	-0.5880682813
10.5196187382	-3.51293696578579E-005	-0.5907826968
10.5681750921	-3.52936742023975E-005	-0.5935096417
10.616955572	-3.54594989567851E-005	-0.5962491739
10.6659612123	-3.56268579829887E-005	-0.5990013514
10.7151930524	-3.57957654673767E-005	-0.6017662326
10.7646521363	-3.59662357535056E-005	-0.6045438761
10.814339513	-3.61382832804027E-005	-0.6073343409
10.8642562362	-3.63119226577839E-005	-0.6101376862
10.9144033645	-3.64871685946933E-005	-0.6129539713
10.9647819614	-0.000036664	-0.615783256
11.0153930954	-3.68425397923575E-005	-0.6186256004
11.0662378398	-3.70226951742088E-005	-0.6214810647
11.1173172728	-3.72045174223915E-005	-0.6243497095
11.1686324778	-0.000037388	-0.6272315956
11.220184543	-3.75732243077203E-005	-0.6301267841
11.2719745618	-3.77601402173927E-005	-0.6330353365
11.3240036324	-3.79487855201267E-005	-0.6359573144
11.3762728582	-3.81391762268343E-005	-0.6388927799
11.4287833479	-3.83313284959726E-005	-0.6418417951
11.481536215	-3.8525258595935E-005	-0.6448044226
11.5345325782	-0.000038721	-0.6477807253
11.5877735616	-3.89185182963559E-005	-0.6507707662
11.6412602941	-3.9117881243653E-005	-0.6537746089
11.6949939102	-3.9319088744381E-005	-0.6567923169
11.7489755494	-3.95221578692708E-005	-0.6598239543
11.8032063565	-3.97271058385272E-005	-0.6628695855
11.8576874817	-0.000039934	-0.665929275
11.9124200803	-4.01427080125845E-005	-0.6690030876
11.9674053131	-4.0353397461098E-005	-0.6720910887
12.0226443462	-0.000040566	-0.6751933436
12.0781383511	-4.07806424194401E-005	-0.6783099182
12.1338885046	-4.09972341730118E-005	-0.6814408786
12.1898959892	-4.121582987665E-005	-0.6845862912
12.2461619927	-4.14364480765402E-005	-0.6877462227
12.3026877081	-4.1659107471236E-005	-0.6909207402
12.3594743344	-4.18838269579463E-005	-0.6941099108
12.4165230759	-4.21106255766049E-005	-0.6973138024
12.4738351424	-4.23395225966601E-005	-0.7005324829
12.5314117494	-4.25705373965331E-005	-0.7037660204
12.5892541179	-4.28036895745166E-005	-0.7070144837
12.6473634747	-0.000043039	-0.7102779415
12.7057410521	-4.32764853827987E-005	-0.7135564632
12.7643880881	-4.351616909978E-005	-0.7168501182
12.8233058266	-4.37580704058462E-005	-0.7201589764
12.8824955169	-4.40022098154247E-005	-0.723483108
12.9419584145	-4.42486080223126E-005	-0.7268225835
13.0016957803	-4.4497285933429E-005	-0.7301774738
13.0617088813	-4.47482646379554E-005	-0.7335478499
13.1219989902	-4.50015654304809E-005	-0.7369337834
13.1825673856	-4.52572097753212E-005	-0.7403353461
13.2434153519	-4.55152193566642E-005	-0.7437526101
13.3045441798	-4.57756160843562E-005	-0.7471856479
13.3659551655	-4.60384220003617E-005	-0.7506345323
13.4276496114	-4.63036594156985E-005	-0.7540993365
13.4896288259	-4.65713508178621E-005	-0.757580134
13.5518941235	-4.68415189277214E-005	-0.7610769986
13.6144468247	-4.71141866243008E-005	-0.7645900044
13.677288256	-4.73893770624288E-005	-0.768119226
13.7404197501	-4.76671135608755E-005	-0.7716647382
13.803842646	-4.79474196872144E-005	-0.7752266163
13.8675582887	-4.82303191980331E-005	-0.7788049357
13.9315680295	-4.85158360987229E-005	-0.7823997724
13.9958732257	-0.000048804	-0.7860112026
14.0604752413	-4.90948191318227E-005	-0.7896393029
14.1253754462	-4.93883343657035E-005	-0.7932841503
14.1905752169	-4.96845651904681E-005	-0.7969458221
14.256075936	-4.9983536725341E-005	-0.800624396
14.3218789927	-5.02852743373859E-005	-0.8043199499
14.3879857826	-5.05898035981115E-005	-0.8080325622
14.4543977075	-5.089715034326E-005	-0.8117623118
14.5211161759	-5.12073406380912E-005	-0.8155092776
14.5881426028	-5.15204007850974E-005	-0.8192735393
14.6554784096	-5.18363573355755E-005	-0.8230551765
14.7231250243	-5.21552370732334E-005	-0.8268542696
14.7910838817	-5.24770670575854E-005	-0.8306708992
14.8593564229	-5.28018745709135E-005	-0.834505146
14.9279440958	-5.31296871578058E-005	-0.8383570916
14.996848355	-5.346053261937E-005	-0.8422268176
15.0660706619	-5.37944389968404E-005	-0.8461144061
15.1356124844	-5.41314346342598E-005	-0.8500199395
15.2054752973	-5.44715480974748E-005	-0.8539435006
15.2756605824	-5.48148082204251E-005	-0.8578851728
15.346169828	-5.51612441350371E-005	-0.8618450395
15.4170045295	-5.55108851902205E-005	-0.8658231849
15.4881661891	-5.5863761046373E-005	-0.8698196932
15.5596563161	-5.62199016425931E-005	-0.8738346493
15.6314764264	-5.65793371561785E-005	-0.8778681382
15.7036280433	-5.69420980836299E-005	-0.8819202456
15.776112697	-5.73082151856844E-005	-0.8859910575
15.8489319246	-5.76777194969591E-005	-0.89008066
15.9220872705	-5.80506423597026E-005	-0.8941891401
15.9955802861	-0.000058427	-0.8983165848
16.0694125301	-5.88068705416386E-005	-0.9024630817
16.1435855683	-5.91902399754836E-005	-0.9066287187
16.2181009736	-5.95771562248188E-005	-0.9108135843
16.2929603264	-5.99676520929077E-005	-0.9150177671
16.3681652143	-6.03617606781104E-005	-0.9192413563
16.4437172321	-6.07595154356013E-005	-0.9234844415
16.5196179823	-0.000061161	-0.9277471128
16.5958690744	-6.15660986228366E-005	-0.9320294605
16.6724721255	-0.000061975	-0.9363315755
16.7494287603	-6.23876752345956E-005	-0.9406535491
16.8267406107	-6.28041729584325E-005	-0.9449954728
16.9044093164	-6.32245239417623E-005	-0.9493574388
16.9824365246	-6.36487638279128E-005	-0.9537395397
17.06082389	-6.40769285996702E-005	-0.9581418683
17.1395730751	-6.45090545387767E-005	-0.9625645181
17.2186857499	-6.49451783098278E-005	-0.9670075829
17.2981635922	-6.53853368811975E-005	-0.9714711569
17.3780082875	-6.58295675780765E-005	-0.9759553347
17.4582215292	-6.62779080815088E-005	-0.9804602116
17.5388050184	-6.67303963878891E-005	-0.9849858831
17.6197604641	-6.71870708735739E-005	-0.9895324451
17.7010895832	-0.000067648	-0.9940999941
17.7827941004	-6.81131336241576E-005	-0.998688627
17.8648757485	-6.85826004133244E-005	-1.0032984411
17.9473362683	-6.90564104341901E-005	-1.0079295342
18.0301774086	-6.95346038481685E-005	-1.0125820046
18.1134009262	-7.00172212188167E-005	-1.0172559508
18.1970085861	-7.05043034481894E-005	-1.0219514722
18.2810021614	-7.09958918607361E-005	-1.0266686682
18.3653834335	-0.000071492	-1.031407639
18.4501541918	-7.1992754309537E-005	-1.036168485
18.5353162341	-7.24981128549762E-005	-1.0409513073
18.6208713666	-7.30081466279969E-005	-1.0457562073
18.7068214037	-7.35228988615532E-005	-1.0505832868
18.793168168	-7.40424132119607E-005	-1.0554326484
18.879913491	-7.45667337135725E-005	-1.0603043949
18.9670592121	-7.50959048250683E-005	-1.0651986296
19.0546071796	-0.00007563	-1.0701154564
19.1425592502	-0.000076169	-1.0750549795
19.2309172891	-0.000076713	-1.0800173037
19.3196831702	-0.000077262	-1.0850025343
19.4088587759	-7.78161045111923E-005	-1.090010777
19.4984459976	-7.83753361326995E-005	-1.0950421381
19.5884467351	-7.89397412824364E-005	-1.1000967242
19.6788628971	-7.95093678243147E-005	-1.1051746427
19.7696964011	-8.00842640215035E-005	-1.1102760013
19.8609491736	-8.06644786232194E-005	-1.1154009081
19.9526231497	-8.12500608184397E-005	-1.1205494718
20.0447202737	-8.18410602773682E-005	-1.1257218018
20.1372424986	-8.24375270704324E-005	-1.1309180076
20.2301917868	-8.30395118052194E-005	-1.1361381996
20.3235701094	-8.36470654644674E-005	-1.1413824884
20.4173794467	-8.42602396133992E-005	-1.1466509854
20.5116217883	-8.48790862049264E-005	-1.1519438022
20.6062991327	-8.55036577050138E-005	-1.1572610511
20.7014134879	-0.000086134	-1.1626028451
20.796966871	-8.67701877201678E-005	-1.1679692972
20.8929613085	-8.74122536138205E-005	-1.1733605215
20.9893988362	-8.80602591654925E-005	-1.1787766323
21.0862814993	-8.87142593312035E-005	-1.1842177444
21.1836113525	-8.93743095289201E-005	-1.1896839733
21.2813904598	-9.00404657263105E-005	-1.195175435
21.379620895	-9.07127843992789E-005	-1.2006922459
21.4783047413	-9.13913225425734E-005	-1.2062345231
21.5774440915	-9.20761376514648E-005	-1.2118023841
21.6770410482	-9.27672878191446E-005	-1.2173959471
21.7770977235	-9.34648316161841E-005	-1.2230153307
21.8776162395	-9.41688281705745E-005	-1.2286606542
21.9785987278	-9.48793371638708E-005	-1.2343320372
22.0800473302	-9.55964188321563E-005	-1.2400296002
22.181964198	-9.63201339486852E-005	-1.2457534639
22.2843514927	-9.70505438788511E-005	-1.2515037498
22.3872113857	-9.77877105281129E-005	-1.25728058
22.4905460584	-9.85316963911768E-005	-1.2630840768
22.5943577022	-9.9282564513424E-005	-1.2689143635
22.6986485188	-0.0001000404	-1.2747715638
22.80342072	-0.0001008052	-1.2806558019
22.9086765277	-0.0001015771	-1.2865672026
23.0144181741	-0.0001023561	-1.2925058913
23.1206479018	-0.0001031424	-1.2984719941
23.2273679636	-0.0001039359	-1.3044656375
23.3345806228	-0.0001047368	-1.3104869486
23.4422881532	-0.000105545	-1.3165360552
23.550492839	-0.0001063608	-1.3226130857
23.6591969749	-0.0001071841	-1.3287181689
23.7684028662	-0.000108015	-1.3348514343
23.8781128291	-0.0001088536	-1.3410130122
23.9883291902	-0.0001096999	-1.3472030331
24.0990542869	-0.0001105541	-1.3534216285
24.2102904674	-0.0001114162	-1.3596689302
24.3220400907	-0.0001122862	-1.3659450709
24.4343055269	-0.0001131643	-1.3722501836
24.5470891569	-0.0001140506	-1.3785844021
24.6603933723	-0.000114945	-1.3849478608
24.7742205763	-0.0001158477	-1.3913406947
24.8885731828	-0.0001167587	-1.3977630394
25.003453617	-0.0001176782	-1.4042150312
25.1188643151	-0.0001186062	-1.410696807
25.2348077248	-0.0001195427	-1.4172085043
25.351286305	-0.000120488	-1.4237502613
25.4683025259	-0.0001214419	-1.4303222167
25.5858588691	-0.0001224047	-1.4369245099
25.7039578277	-0.0001233764	-1.4435572811
25.8226019063	-0.0001243571	-1.4502206709
25.9417936212	-0.0001253469	-1.4569148208
26.0615355	-0.0001263458	-1.4636398728
26.1818300822	-0.0001273539	-1.4703959695
26.302679919	-0.0001283714	-1.4771832543
26.4240875732	-0.0001293983	-1.4840018713
26.5460556198	-0.0001304347	-1.4908519649
26.6685866452	-0.0001314807	-1.4977336807
26.7916832482	-0.0001325363	-1.5046471646
26.9153480393	-0.0001336017	-1.5115925633
27.0395836411	-0.000134677	-1.5185700242
27.1643926884	-0.0001357622	-1.5255796953
27.2897778281	-0.0001368574	-1.5326217253
27.4157417193	-0.0001379628	-1.5396962636
27.5422870334	-0.0001390784	-1.5468034604
27.6694164541	-0.0001402043	-1.5539434665
27.7971326776	-0.0001413407	-1.5611164333
27.9254384124	-0.0001424875	-1.568322513
28.0543363795	-0.000143645	-1.5755618586
28.1838293126	-0.0001448131	-1.5828346237
28.313919958	-0.0001459921	-1.5901409625
28.4446110745	-0.000147182	-1.59748103
28.5759054337	-0.0001483829	-1.6048549822
28.7078058202	-0.0001495948	-1.6122629753
28.8403150313	-0.000150818	-1.6197051666
28.973435877	-0.0001520525	-1.6271817139
29.1071711807	-0.0001532985	-1.6346927761
29.2415237784	-0.0001545559	-1.6422385123
29.3764965196	-0.000155825	-1.6498190828
29.5120922667	-0.0001571058	-1.6574346484
29.6483138952	-0.0001583985	-1.6650853706
29.7851642943	-0.0001597031	-1.6727714119
29.9226463661	-0.0001610198	-1.6804929353
30.0607630263	-0.0001623486	-1.6882501046
30.199517204	-0.0001636898	-1.6960430845
30.3389118419	-0.0001650433	-1.7038720403
30.4789498963	-0.0001664094	-1.7117371382
30.6196343369	-0.0001677881	-1.7196385451
30.7609681474	-0.0001691796	-1.7275764286
30.9029543251	-0.0001705839	-1.7355509571
31.0455958813	-0.0001720012	-1.7435623
31.1888958409	-0.0001734316	-1.7516106271
31.3328572432	-0.0001748753	-1.7596961094
31.477483141	-0.0001763323	-1.7678189182
31.6227766017	-0.0001778028	-1.7759792262
31.7687407065	-0.0001792868	-1.7841772063
31.915378551	-0.0001807846	-1.7924130326
32.0626932451	-0.0001822963	-1.8006868799
32.2106879128	-0.0001838219	-1.8089989237
32.359365693	-0.0001853617	-1.8173493404
32.5087297385	-0.0001869156	-1.8257383073
32.6587832172	-0.000188484	-1.8341660023
32.8095293113	-0.0001900669	-1.8426326044
32.9609712177	-0.0001916644	-1.8511382931
33.1131121483	-0.0001932766	-1.859683249
33.2659553294	-0.0001949038	-1.8682676535
33.4195040026	-0.000196546	-1.8768916887
33.5737614243	-0.0001982034	-1.8855555377
33.7287308659	-0.0001998762	-1.8942593842
33.8844156139	-0.0002015644	-1.9030034131
34.0408189701	-0.0002032682	-1.9117878099
34.1979442514	-0.0002049878	-1.9206127611
34.35579479	-0.0002067233	-1.9294784539
34.5143739336	-0.0002084748	-1.9383850764
34.6736850453	-0.0002102425	-1.9473328179
34.8337315036	-0.0002120266	-1.956321868
34.9945167028	-0.0002138272	-1.9653524176
35.1560440528	-0.0002156444	-1.9744246584
35.3183169792	-0.0002174784	-1.983538783
35.4813389234	-0.0002193294	-1.9926949847
35.6451133426	-0.0002211975	-2.0018934579
35.8096437103	-0.0002230829	-2.0111343978
35.9749335156	-0.0002249857	-2.0204180006
36.140986264	-0.0002269061	-2.0297444633
36.307805477	-0.0002288443	-2.0391139839
36.4753946926	-0.0002308003	-2.0485267612
36.6437574648	-0.0002327745	-2.057982995
36.8128973643	-0.0002347669	-2.067482886
36.982817978	-0.0002367778	-2.077026636
37.1535229097	-0.0002388072	-2.0866144473
37.3250157796	-0.0002408554	-2.0962465237
37.4973002245	-0.0002429226	-2.1059230695
37.6703798984	-0.0002450088	-2.11564429
37.8442584717	-0.0002471144	-2.1254103918
38.0189396321	-0.0002492394	-2.1352215819
38.194427084	-0.0002513841	-2.1450780689
38.3707245492	-0.0002535486	-2.1549800617
38.5478357666	-0.0002557331	-2.1649277707
38.7257644922	-0.0002579378	-2.174921407
38.9045144994	-0.0002601629	-2.1849611827
39.0840895792	-0.0002624086	-2.195047311
39.26449354	-0.000264675	-2.205180006
39.4457302075	-0.0002669624	-2.2153594828
39.6278034255	-0.0002692709	-2.2255859574
39.8107170554	-0.0002716008	-2.2358596469
39.9944749761	-0.0002739522	-2.2461807696
40.1790810849	-0.0002763254	-2.2565495443
40.3645392968	-0.0002787205	-2.2669661914
40.5508535448	-0.0002811377	-2.2774309319
40.7380277804	-0.0002835773	-2.2879439879
40.926065973	-0.0002860394	-2.2985055827
41.1149721105	-0.0002885243	-2.3091159406
41.304750199	-0.0002910322	-2.3197752866
41.4954042634	-0.0002935633	-2.3304838472
41.686938347	-0.0002961178	-2.3412418498
41.8793565118	-0.0002986958	-2.3520495226
42.0726628384	-0.0003012977	-2.3629070952
42.2668614266	-0.0003039237	-2.373814798
42.4619563946	-0.000306574	-2.3847728627
42.6579518802	-0.0003092487	-2.395781522
42.8548520397	-0.0003119482	-2.4068410095
43.0526610492	-0.0003146726	-2.41795156
43.2513831035	-0.0003174222	-2.4291134096
43.4510224172	-0.0003201973	-2.4403267951
43.651583224	-0.0003229979	-2.4515919546
43.8530697775	-0.0003258245	-2.4629091274
44.0554863507	-0.0003286772	-2.4742785538
44.2588372363	-0.0003315563	-2.4857004751
44.4631267469	-0.000334462	-2.497175134
44.6683592151	-0.0003373945	-2.508702774
44.8745389933	-0.0003403542	-2.5202836399
45.0816704541	-0.0003433412	-2.5319179776
45.2897579904	-0.0003463558	-2.5436060343
45.498806015	-0.0003493983	-2.555348058
45.7088189615	-0.0003524689	-2.5671442981
45.9198012837	-0.0003555679	-2.5789950052
46.131757456	-0.0003586955	-2.5909004309
46.3446919736	-0.0003618521	-2.602860828
46.5586093523	-0.0003650378	-2.6148764505
46.7735141287	-0.000368253	-2.6269475536
46.9894108605	-0.0003714979	-2.6390743936
47.2063041264	-0.0003747728	-2.6512572281
47.424198526	-0.0003780779	-2.6634963157
47.6430986805	-0.0003814136	-2.6757919165
47.8630092323	-0.0003847801	-2.6881442916
48.083934845	-0.0003881778	-2.7005537032
48.305880204	-0.0003916068	-2.7130204151
48.5288500162	-0.0003950675	-2.7255446918
48.7528490103	-0.0003985602	-2.7381267995
48.9778819368	-0.0004020852	-2.7507670053
49.2039535681	-0.0004056428	-2.7634655778
49.4310686987	-0.0004092333	-2.7762227867
49.659232145	-0.0004128569	-2.7890389029
49.888448746	-0.000416514	-2.8019141986
50.1187233627	-0.0004202049	-2.8148489474
50.3500608788	-0.00042393	-2.827843424
50.5824662003	-0.0004276894	-2.8408979043
50.8159442561	-0.0004314836	-2.8540126658
51.0504999975	-0.0004353129	-2.8671879869
51.2861383991	-0.0004391775	-2.8804241476
51.5228644582	-0.0004430779	-2.893721429
51.7606831951	-0.0004470143	-2.9070801137
51.9995996534	-0.000450987	-2.9205004853
52.2396188999	-0.0004549965	-2.933982829
52.480746025	-0.000459043	-2.9475274312
52.7229861423	-0.000463127	-2.9611345797
52.9663443892	-0.0004672486	-2.9748045635
53.2108259267	-0.0004714084	-2.9885376731
53.4564359397	-0.0004756065	-3.0023342002
53.703179637	-0.0004798435	-3.0161944379
53.9510622515	-0.0004841196	-3.0301186807
54.2000890402	-0.0004884353	-3.0441072245
54.4502652842	-0.0004927908	-3.0581603665
54.7015962894	-0.0004971865	-3.0722784052
54.9540873858	-0.0005016228	-3.0864616406
55.2077439281	-0.0005061002	-3.1007103742
55.4625712958	-0.0005106189	-3.1150249086
55.7185748932	-0.0005151793	-3.129405548
55.9757601495	-0.0005197819	-3.143852598
56.234132519	-0.000524427	-3.1583663656
56.4936974812	-0.0005291151	-3.1729471592
56.7544605409	-0.0005338464	-3.1875952887
57.0164272281	-0.0005386214	-3.2023110653
57.2796030986	-0.0005434406	-3.2170948017
57.5439937337	-0.0005483042	-3.2319468122
57.8096047406	-0.0005532128	-3.2468674124
58.0764417521	-0.0005581668	-3.2618569193
58.3445104274	-0.0005631665	-3.2769156515
58.6138164514	-0.0005682124	-3.2920439292
58.8843655356	-0.0005733049	-3.3072420737
59.1561634175	-0.0005784444	-3.3225104081
59.4292158616	-0.0005836314	-3.337849257
59.7035286584	-0.0005888663	-3.3532589464
59.9791076256	-0.0005941496	-3.3687398038
60.2559586074	-0.0005994817	-3.3842921582
60.5340874754	-0.000604863	-3.3999163403
60.8135001279	-0.000610294	-3.4156126822
61.0942024906	-0.0006157752	-3.4313815174
61.3762005165	-0.000621307	-3.4472231813
61.6595001861	-0.0006268899	-3.4631380106
61.9441075077	-0.0006325244	-3.4791263436
62.2300285169	-0.0006382109	-3.4951885202
62.5172692776	-0.0006439499	-3.5113248819
62.8058358813	-0.0006497419	-3.5275357718
63.095734448	-0.0006555874	-3.5438215344
63.3869711257	-0.0006614869	-3.560182516
63.6795520908	-0.0006674408	-3.5766190646
63.9734835483	-0.0006734498	-3.5931315295
64.2687717317	-0.0006795142	-3.6097202619
64.5654229035	-0.0006856346	-3.6263856145
64.8634433548	-0.0006918116	-3.6431279416
65.1628394061	-0.0006980455	-3.6599475993
65.4636174067	-0.0007043371	-3.6768449452
65.7657837355	-0.0007106867	-3.6938203386
66.0693448008	-0.000717095	-3.7108741406
66.3743070402	-0.0007235624	-3.7280067138
66.6806769214	-0.0007300895	-3.7452184225
66.9884609417	-0.0007366769	-3.7625096328
67.2976656284	-0.0007433252	-3.7798807125
67.6082975392	-0.0007500348	-3.7973320309
67.9203632617	-0.0007568063	-3.8148639593
68.2338694142	-0.0007636404	-3.8324768706
68.5488226453	-0.0007705375	-3.8501711393
68.8652296344	-0.0007774983	-3.8679471419
69.1830970919	-0.0007845234	-3.8858052564
69.5024317589	-0.0007916133	-3.9037458628
69.8232404077	-0.0007987687	-3.9217693427
70.145529842	-0.0008059901	-3.9398760794
70.4693068967	-0.0008132782	-3.9580664582
70.7945784384	-0.0008206335	-3.9763408662
71.1213513653	-0.0008280567	-3.9946996919
71.4496326076	-0.0008355485	-4.0131433261
71.7794291271	-0.0008431094	-4.0316721612
72.1107479183	-0.0008507401	-4.0502865913
72.4435960075	-0.0008584412	-4.0689870126
72.7779804537	-0.0008662134	-4.087773823
73.1139083483	-0.0008740573	-4.1066474222
73.4513868157	-0.0008819736	-4.1256082118
73.7904230129	-0.0008899629	-4.1446565954
74.1310241301	-0.000898026	-4.1637929782
74.4731973906	-0.0009061635	-4.1830177676
74.8169500511	-0.000914376	-4.2023313726
75.1622894018	-0.0009226644	-4.2217342044
75.5092227665	-0.0009310292	-4.2412266759
75.8577575029	-0.0009394713	-4.2608092019
76.2079010025	-0.0009479912	-4.2804821993
76.5596606911	-0.0009565897	-4.3002460869
76.9130440287	-0.0009652675	-4.3201012852
77.2680585096	-0.0009740254	-4.3400482171
77.6247116629	-0.0009828642	-4.360087307
77.9830110523	-0.0009917844	-4.3802189817
78.3429642766	-0.001000787	-4.4004436697
78.7045789695	-0.0010098726	-4.4207618016
79.0678628	-0.001019042	-4.44117381
79.4328234724	-0.001028296	-4.4616801295
79.7994687268	-0.0010376353	-4.4822811967
80.1678063388	-0.0010470608	-4.5029774503
80.5378441199	-0.0010565733	-4.5237693309
80.9095899178	-0.0010661734	-4.5446572815
81.2830516164	-0.0010758622	-4.5656417467
81.6582371359	-0.0010856402	-4.5867231734
82.035154433	-0.0010955085	-4.6079020108
82.4138115013	-0.0011054678	-4.6291787097
82.7942163712	-0.0011155189	-4.6505537234
83.1763771103	-0.0011256627	-4.6720275072
83.5603018231	-0.0011359001	-4.6936005185
83.9459986519	-0.0011462318	-4.7152732169
84.3334757764	-0.0011566589	-4.7370460639
84.7227414141	-0.001167182	-4.7589195235
85.1138038202	-0.0011778022	-4.7808940616
85.5066712885	-0.0011885203	-4.8029701464
85.9013521505	-0.0011993373	-4.8251482483
86.2978547767	-0.001210254	-4.8474288398
86.6961875758	-0.0012212713	-4.8698123957
87.0963589956	-0.0012323902	-4.8922993929
87.4983775227	-0.0012436115	-4.9148903107
87.9022516831	-0.0012549364	-4.9375856305
88.3079900419	-0.0012663656	-4.9603858358
88.7156012038	-0.0012779002	-4.9832914128
89.1250938134	-0.0012895411	-5.0063028496
89.536476555	-0.0013012893	-5.0294206366
89.949758153	-0.0013131457	-5.0526452667
90.3649473722	-0.0013251115	-5.0759772349
90.7820530178	-0.0013371875	-5.0994170386
91.2010839356	-0.0013493748	-5.1229651775
91.6220490122	-0.0013616744	-5.1466221537
92.0449571753	-0.0013740874	-5.1703884715
92.4698173938	-0.0013866148	-5.1942646378
92.896638678	-0.0013992576	-5.2182511615
93.3254300797	-0.0014120168	-5.2423485542
93.7562006926	-0.0014248937	-5.2665573299
94.1889596523	-0.0014378892	-5.2908780047
94.6237161366	-0.0014510044	-5.3153110974
95.0604793656	-0.0014642404	-5.3398571291
95.4992586021	-0.0014775984	-5.3645166233
95.9400631516	-0.0014910795	-5.3892901061
96.3829023624	-0.0015046847	-5.414178106
96.8277856261	-0.0015184152	-5.4391811538
97.2747223777	-0.0015322722	-5.4642997831
97.7237220956	-0.0015462569	-5.4895345297
98.174794302	-0.0015603703	-5.5148859321
98.6279485631	-0.0015746137	-5.5403545311
99.0831944893	-0.0015889883	-5.5659408704
99.5405417352	-0.0016034953	-5.5916454959
100	-0.0016181359	-5.6174689563
100.4615790278	-0.0016329113	-5.6434118025
100.9252886077	-0.0016478227	-5.6694745885
101.3911385737	-0.0016628714	-5.6956578705
101.8591388054	-0.0016780587	-5.7219622075
102.3292992281	-0.0016933858	-5.748388161
102.8016298127	-0.001708854	-5.7749362952
103.2761405761	-0.0017244646	-5.8016071769
103.7528415818	-0.0017402189	-5.8284013756
104.2317429393	-0.0017561183	-5.8553194635
104.7128548051	-0.0017721639	-5.8823620153
105.1961873823	-0.0017883573	-5.9095296088
105.6817509214	-0.0018046997	-5.936822824
106.1695557199	-0.0018211925	-5.9642422439
106.659612123	-0.0018378371	-5.9917884543
107.1519305238	-0.0018546349	-6.0194620435
107.646521363	-0.0018715872	-6.0472636029
108.1433951298	-0.0018886955	-6.0751937264
108.6425623617	-0.0019059613	-6.1032530107
109.1440336449	-0.0019233859	-6.1314420554
109.6478196143	-0.0019409707	-6.1597614629
110.1539309541	-0.0019587174	-6.1882118385
110.6623783978	-0.0019766274	-6.2167937902
111.1731727282	-0.001994702	-6.2455079289
111.6863247781	-0.002012943	-6.2743548684
112.2018454302	-0.0020313517	-6.3033352254
112.7197456176	-0.0020499297	-6.3324496195
113.2400363236	-0.0020686786	-6.3616986731
113.7627285823	-0.0020875999	-6.3910830117
114.287833479	-0.0021066952	-6.4206032636
114.8153621497	-0.0021259661	-6.4502600601
115.3453257821	-0.0021454142	-6.4800540355
115.8777356155	-0.002165041	-6.5099858271
116.4126029411	-0.0021848484	-6.5400560751
116.949939102	-0.0022048378	-6.5702654229
117.489755494	-0.002225011	-6.6006145167
118.0320635652	-0.0022453696	-6.6311040058
118.5768748167	-0.0022659154	-6.6617345428
119.1242008027	-0.00228665	-6.692506783
119.6740531307	-0.0023075752	-6.7234213851
120.2264434617	-0.0023286926	-6.7544790108
120.7813835107	-0.0023500041	-6.7856803247
121.3388850465	-0.0023715115	-6.8170259949
121.8989598925	-0.0023932165	-6.8485166925
122.4616199265	-0.0024151209	-6.8801530916
123.0268770812	-0.0024372265	-6.9119358698
123.5947433445	-0.0024595353	-6.9438657076
124.1652307592	-0.0024820489	-6.9759432889
124.7383514243	-0.0025047694	-7.0081693007
125.3141174941	-0.0025276985	-7.0405444333
125.8925411794	-0.0025508383	-7.0730693804
126.4736347471	-0.0025741905	-7.1057448387
127.0574105209	-0.0025977572	-7.1385715085
127.6438808811	-0.0026215403	-7.171550093
128.2330582656	-0.0026455418	-7.2046812992
128.8249551693	-0.0026697636	-7.2379658372
129.419584145	-0.0026942079	-7.2714044203
130.0169578033	-0.0027188765	-7.3049977655
130.6170888132	-0.0027437716	-7.338746593
131.2199899019	-0.0027688951	-7.3726516264
131.8256738556	-0.0027942493	-7.4067135928
132.4341535195	-0.0028198362	-7.4409332228
133.0454417978	-0.0028456579	-7.4753112503
133.6595516546	-0.0028717165	-7.5098484127
134.2764961138	-0.0028980142	-7.544545451
134.8962882592	-0.0029245532	-7.5794031097
135.5189412351	-0.0029513357	-7.6144221367
136.1444682466	-0.0029783639	-7.6496032836
136.7728825596	-0.00300564	-7.6849473055
137.4041975013	-0.0030331664	-7.7204549611
138.0384264603	-0.0030609451	-7.7561270126
138.6755828872	-0.0030889787	-7.791964226
139.3156802945	-0.0031172693	-7.8279673707
139.9587322573	-0.0031458193	-7.8641372201
140.604752413	-0.0031746311	-7.9004745508
141.2537544623	-0.003203707	-7.9369801436
141.9057521689	-0.0032330495	-7.9736547827
142.5607593602	-0.003262661	-8.010499256
143.2187899274	-0.0032925438	-8.0475143554
143.8798578256	-0.0033227006	-8.0847008762
144.5439770746	-0.0033531338	-8.1220596179
145.2111617588	-0.0033838458	-8.1595913836
145.8814260275	-0.0034148392	-8.1972969801
146.5547840956	-0.0034461166	-8.2351772182
147.2312502433	-0.0034776806	-8.2732329126
147.9108388168	-0.0035095337	-8.3114648818
148.5935642287	-0.0035416786	-8.3498739482
149.2794409579	-0.0035741179	-8.3884609382
149.9684835502	-0.0036068542	-8.4272266819
150.6607066187	-0.0036398904	-8.4661720138
151.3561248436	-0.0036732291	-8.505297772
152.0547529733	-0.003706873	-8.5446047987
152.7566058238	-0.003740825	-8.5840939402
153.4616982799	-0.0037750877	-8.6237660468
154.170045295	-0.0038096641	-8.6636219728
154.8816618913	-0.003844557	-8.7036625768
155.5965631605	-0.0038797691	-8.7438887213
156.3147642641	-0.0039153036	-8.7843012729
157.0362804334	-0.0039511631	-8.8249011024
157.7611269699	-0.0039873508	-8.865689085
158.4893192461	-0.0040238695	-8.9066660997
159.2208727051	-0.0040607223	-8.94783303
159.9558028615	-0.0040979121	-8.9891907636
160.6941253013	-0.0041354421	-9.0307401923
161.4358556827	-0.0041733154	-9.0724822122
162.1810097359	-0.0042115349	-9.114417724
162.929603264	-0.0042501039	-9.1565476323
163.6816521428	-0.0042890255	-9.1988728464
164.4371723215	-0.0043283029	-9.2413942796
165.1961798229	-0.0043679393	-9.2841128501
165.9586907438	-0.0044079379	-9.3270294799
166.7247212551	-0.0044483021	-9.370145096
167.4942876027	-0.0044890352	-9.4134606295
168.2674061071	-0.0045301404	-9.4569770162
169.0440931643	-0.0045716212	-9.5006951962
169.8243652462	-0.0046134809	-9.5446161142
170.6082389003	-0.0046557229	-9.5887407196
171.3957307508	-0.0046983507	-9.6330699662
172.1868574986	-0.0047413678	-9.6776048124
172.9816359215	-0.0047847777	-9.7223462215
173.7800828749	-0.004828584	-9.767295161
174.5822152921	-0.0048727901	-9.8124526035
175.3880501842	-0.0049173998	-9.8578195261
176.1976046412	-0.0049624166	-9.9033969105
177.0108958317	-0.0050078443	-9.9491857434
177.8279410039	-0.0050536865	-9.9951870162
178.6487574852	-0.005099947	-10.0414017249
179.4733626833	-0.0051466295	-10.0878308707
180.301774086	-0.0051937379	-10.1344754593
181.134009262	-0.0052412759	-10.1813365015
181.970085861	-0.0052892475	-10.2284150128
182.8100216143	-0.0053376565	-10.2757120139
183.6538343348	-0.0053865069	-10.3232285302
184.501541918	-0.0054358027	-10.3709655922
185.3531623415	-0.0054855479	-10.4189242355
186.2087136663	-0.0055357465	-10.4671055005
187.0682140366	-0.0055864026	-10.5155104328
187.9316816803	-0.0056375202	-10.5641400831
188.7991349096	-0.0056891037	-10.6129955073
189.6705921211	-0.005741157	-10.6620777663
190.5460717963	-0.0057936846	-10.7113879261
191.4255925021	-0.0058466906	-10.7609270581
192.309172891	-0.0059001793	-10.8106962389
193.1968317017	-0.0059541551	-10.8606965503
194.0885877593	-0.0060086223	-10.9109290793
194.9844599758	-0.0060635854	-10.9613949184
195.8844673506	-0.0061190487	-11.0120951653
196.7886289707	-0.0061750169	-11.0630309231
197.6969640112	-0.0062314944	-11.1142033004
198.6094917357	-0.0062884858	-11.1656134111
199.5262314969	-0.0063459957	-11.2172623746
200.4472027365	-0.0064040288	-11.2691513159
201.3724249862	-0.0064625897	-11.3212813654
202.3019178678	-0.0065216832	-11.3736536591
203.2357010936	-0.006581314	-11.4262693385
204.173794467	-0.006641487	-11.4791295509
205.1162178826	-0.006702207	-11.532235449
206.062991327	-0.006763479	-11.5855881915
207.0141348791	-0.0068253078	-11.6391889424
207.9696687104	-0.0068876985	-11.6930388718
208.9296130854	-0.0069506561	-11.7471391554
209.8939883624	-0.0070141856	-11.8014909747
210.8628149933	-0.0070782922	-11.8560955172
211.8361135249	-0.0071429811	-11.9109539759
212.8139045983	-0.0072082574	-11.9660675502
213.7962089502	-0.0072741264	-12.0214374451
214.7830474131	-0.0073405934	-12.0770648717
215.7744409153	-0.0074076637	-12.1329510469
216.770410482	-0.0074753428	-12.1890971939
217.7709772353	-0.0075436361	-12.245504542
218.776162395	-0.007612549	-12.3021743263
219.7859872785	-0.0076820871	-12.3591077882
220.8004733019	-0.0077522561	-12.4163061755
221.81964198	-0.0078230614	-12.4737707418
222.843514927	-0.0078945089	-12.5315027473
223.8721138568	-0.0079666041	-12.5895034582
224.9054605836	-0.008039353	-12.6477741473
225.9435770221	-0.0081127614	-12.7063160936
226.9864851884	-0.008186835	-12.7651305825
228.0342072001	-0.00826158	-12.8242189058
229.0867652768	-0.0083370021	-12.8835823618
230.1441817409	-0.0084131076	-12.9432222554
231.2064790176	-0.0084899024	-13.003139898
232.2736796357	-0.0085673928	-13.0633366074
233.3458062281	-0.0086455848	-13.1238137082
234.422881532	-0.0087244849	-13.1845725316
235.5049283896	-0.0088040992	-13.2456144157
236.5919697486	-0.0088844341	-13.306940705
237.6840286625	-0.0089654961	-13.3685527509
238.7811282913	-0.0090472916	-13.4304519118
239.883291902	-0.0091298272	-13.4926395527
240.9905428687	-0.0092131094	-13.5551170457
242.1029046736	-0.0092971449	-13.6178857697
243.2204009074	-0.0093819404	-13.6809471106
244.3430552694	-0.0094675026	-13.7443024614
245.4708915685	-0.0095538384	-13.8079532222
246.6039337234	-0.0096409546	-13.8719008001
247.7422057633	-0.0097288582	-13.9361466093
248.8857318283	-0.0098175562	-14.0006920714
250.0345361697	-0.0099070556	-14.065538615
251.188643151	-0.0099973636	-14.1306876762
252.3480772481	-0.0100884873	-14.1961406983
253.5128630498	-0.010180434	-14.261899132
254.6830252585	-0.0102732111	-14.3279644354
255.8585886906	-0.0103668258	-14.3943380741
257.0395782769	-0.0104612856	-14.4610215213
258.2260190635	-0.010556598	-14.5280162574
259.4179362119	-0.0106527706	-14.5953237709
260.6153549999	-0.0107498111	-14.6629455575
261.8183008219	-0.0108477271	-14.7308831209
263.0267991896	-0.0109465264	-14.7991379725
264.2408757322	-0.0110462168	-14.8677116312
265.4605561976	-0.0111468063	-14.9366056242
266.6858664522	-0.0112483028	-15.0058214863
267.9168324819	-0.0113507143	-15.0753607602
269.1534803927	-0.0114540491	-15.1452249969
270.3958364109	-0.0115583152	-15.215415755
271.6439268839	-0.011663521	-15.2859346016
272.8977782808	-0.0117696747	-15.3567831117
274.1574171928	-0.0118767848	-15.4279628687
275.4228703338	-0.0119848598	-15.4994754639
276.6941645412	-0.0120939082	-15.5713224972
277.9713267759	-0.0122039386	-15.6435055769
279.2543841237	-0.0123149598	-15.7160263195
280.5433637952	-0.0124269805	-15.78888635
281.8382931265	-0.0125400096	-15.8620873021
283.13919958	-0.0126540561	-15.9356308179
284.4461107448	-0.0127691289	-16.0095185481
285.7590543375	-0.0128852372	-16.0837521522
287.0780582025	-0.0130023901	-16.1583332985
288.4031503127	-0.0131205969	-16.2332636639
289.7343587701	-0.013239867	-16.3085449344
291.0717118067	-0.0133602097	-16.3841788047
292.4152377843	-0.0134816346	-16.4601669786
293.7649651962	-0.0136041513	-16.5365111689
295.1209226667	-0.0137277695	-16.6132130976
296.4831389524	-0.0138524988	-16.6902744957
297.8516429429	-0.0139783493	-16.7676971035
299.2264636608	-0.0141053308	-16.8454826707
300.6076302628	-0.0142334534	-16.923632956
301.9951720402	-0.0143627271	-17.002149728
303.3891184194	-0.0144931622	-17.0810347644
304.7894989628	-0.0146247691	-17.1602898527
306.1963433691	-0.014757558	-17.2399167897
307.6096814741	-0.0148915395	-17.3199173821
309.0295432514	-0.0150267243	-17.4002934463
310.4559588129	-0.0151631228	-17.4810468086
311.8889584094	-0.0153007461	-17.562179305
313.3285724316	-0.0154396048	-17.6436927815
314.7748314101	-0.0155797101	-17.7255890942
316.2277660169	-0.0157210729	-17.8078701092
317.687407065	-0.0158637045	-17.8905377028
319.1537855101	-0.0160076161	-17.9735937615
320.6269324506	-0.0161528192	-18.0570401822
322.1068791284	-0.0162993251	-18.140878872
323.5936569296	-0.0164471456	-18.2251117486
325.0872973854	-0.0165962922	-18.3097407402
326.5878321724	-0.0167467769	-18.3947677855
328.0952931131	-0.0168986115	-18.480194834
329.6097121775	-0.0170518081	-18.566023846
331.1311214826	-0.0172063788	-18.6522567924
332.659553294	-0.0173623359	-18.7388956553
334.1950400261	-0.0175196916	-18.8259424276
335.737614243	-0.0176784586	-18.9133991134
337.2873086589	-0.0178386494	-19.0012677278
338.8441561392	-0.0180002768	-19.0895502973
340.408189701	-0.0181633535	-19.1782488596
341.9794425137	-0.0183278926	-19.267365464
343.5579478999	-0.018493907	-19.3569021711
345.1437393359	-0.0186614102	-19.4468610532
346.7368504525	-0.0188304153	-19.5372441941
348.337315036	-0.0190009358	-19.6280536896
349.9451670284	-0.0191729853	-19.7192916472
351.5604405283	-0.0193465776	-19.8109601864
353.183169792	-0.0195217265	-19.9030614387
354.8133892336	-0.019698446	-19.9955975477
356.4511334263	-0.0198767503	-20.0885706692
358.0964371027	-0.0200566535	-20.1819829714
359.7493351558	-0.0202381701	-20.2758366349
361.4098626396	-0.0204213146	-20.3701338528
363.0780547701	-0.0206061018	-20.4648768307
364.7539469256	-0.0207925464	-20.5600677871
366.4375746479	-0.0209806634	-20.655708953
368.1289736425	-0.021170468	-20.7518025727
369.8281797803	-0.0213619755	-20.8483509031
371.5352290972	-0.0215552013	-20.9453562147
373.2501577957	-0.0217501609	-21.0428207907
374.9730022455	-0.0219468701	-21.1407469279
376.7037989839	-0.0221453449	-21.2391369367
378.4425847171	-0.0223456013	-21.3379931406
380.1893963206	-0.0225476555	-21.4373178772
381.9442708401	-0.022751524	-21.5371134976
383.7072454923	-0.0229572232	-21.6373823669
385.4783576658	-0.02316477	-21.7381268641
387.2576449216	-0.0233741813	-21.8393493824
389.0451449943	-0.0235854741	-21.9410523292
390.8408957924	-0.0237986657	-22.0432381262
392.6449353996	-0.0240137737	-22.1459092097
394.4573020753	-0.0242308156	-22.2490680305
396.2780342555	-0.0244498092	-22.3527170542
398.1071705535	-0.0246707726	-22.456858761
399.9447497611	-0.0248937241	-22.5614956464
401.790810849	-0.0251186819	-22.6666302208
403.6453929676	-0.0253456648	-22.7722650099
405.5085354484	-0.0255746915	-22.8784025548
407.3802778041	-0.0258057811	-22.9850454119
409.26065973	-0.0260389527	-23.0921961534
411.1497211045	-0.026274226	-23.1998573673
413.0475019902	-0.0265116204	-23.3080316574
414.9540426344	-0.026751156	-23.4167216435
416.8693834704	-0.0269928528	-23.5259299619
418.7935651179	-0.0272367311	-23.6356592648
420.7266283845	-0.0274828115	-23.7459122211
422.6686142656	-0.0277311149	-23.8566915165
424.6195639463	-0.0279816623	-23.9679998531
426.5795188016	-0.028234475	-24.0798399502
428.5485203975	-0.0284895745	-24.1922145442
430.5266104917	-0.0287469827	-24.3051263885
432.513831035	-0.0290067215	-24.4185782541
434.5102241716	-0.0292688133	-24.5325729296
436.5158322402	-0.0295332807	-24.6471132212
438.530697775	-0.0298001466	-24.7622019529
440.5548635066	-0.0300694341	-24.8778419671
442.5883723626	-0.0303411666	-24.994036124
444.6312674691	-0.0306153678	-25.1107873024
446.683592151	-0.0308920618	-25.2280983998
448.7453899332	-0.0311712728	-25.3459723322
450.8167045415	-0.0314530254	-25.4644120347
452.8975799036	-0.0317373447	-25.5834204614
454.9880601501	-0.0320242557	-25.7030005857
457.0881896149	-0.032313784	-25.8231554005
459.1980128369	-0.0326059557	-25.9438879183
461.3175745604	-0.0329007968	-26.0652011717
463.4469197363	-0.0331983339	-26.187098213
465.586093523	-0.0334985941	-26.3095821149
467.7351412872	-0.0338016044	-26.4326559706
469.8941086052	-0.0341073927	-26.5563228939
472.0630412636	-0.0344159869	-26.6805860194
474.2419852603	-0.0347274153	-26.8054485028
476.4309868054	-0.0350417068	-26.930913521
478.6300923227	-0.0353588906	-27.0569842726
480.8393484498	-0.0356789962	-27.1836639776
483.0588020398	-0.0360020536	-27.3109558781
485.2885001621	-0.0363280933	-27.4388632383
487.5284901034	-0.036657146	-27.5673893448
489.7788193685	-0.0369892431	-27.6965375067
492.0395356815	-0.0373244162	-27.8263110561
494.3106869869	-0.0376626977	-27.9567133479
496.5923214504	-0.03800412	-28.0877477605
498.88448746	-0.0383487165	-28.2194176959
501.1872336273	-0.0386965206	-28.3517265796
503.5006087879	-0.0390475666	-28.4846778615
505.8246620031	-0.039401889	-28.6182750155
508.1594425606	-0.039759523	-28.7525215402
510.5049999754	-0.0401205044	-28.8874209589
512.8613839914	-0.0404848693	-29.0229768202
515.2286445818	-0.0408526546	-29.1591926978
517.6068319506	-0.0412238976	-29.296072191
519.9959965335	-0.0415986364	-29.4336189252
522.3961889991	-0.0419769094	-29.5718365518
524.8074602498	-0.0423587558	-29.7107287488
527.2298614229	-0.0427442155	-29.8502992206
529.6634438917	-0.0431333289	-29.9905516991
532.1082592668	-0.0435261371	-30.1314899432
534.564359397	-0.0439226818	-30.2731177394
537.0317963703	-0.0443230055	-30.4154389024
539.5106225152	-0.0447271515	-30.5584572749
542.0008904017	-0.0451351635	-30.7021767283
544.5026528425	-0.0455470862	-30.8466011627
547.015962894	-0.045962965	-30.9917345076
549.5408738577	-0.0463828461	-31.1375807218
552.0774392808	-0.0468067764	-31.2841437941
554.6257129579	-0.0472348037	-31.4314277435
557.185748932	-0.0476669765	-31.5794366195
559.7576014951	-0.0481033444	-31.7281745024
562.3413251904	-0.0485439577	-31.8776455038
564.9369748123	-0.0489888676	-32.0278537668
567.5446054086	-0.0494381262	-32.1788034667
570.1642722808	-0.0498917867	-32.3304988109
572.7960309859	-0.0503499031	-32.4829440394
575.4399373372	-0.0508125304	-32.6361434255
578.0960474057	-0.0512797248	-32.7901012759
580.7644175213	-0.0517515433	-32.944821931
583.4451042738	-0.0522280441	-33.1003097655
586.1381645141	-0.0527092864	-33.2565691888
588.8436553556	-0.0531953307	-33.4136046453
591.5616341755	-0.0536862384	-33.5714206149
594.2921586156	-0.0541820724	-33.7300216133
597.0352865839	-0.0546828964	-33.8894121925
599.7910762555	-0.0551887758	-34.0495969413
602.5595860744	-0.0556997768	-34.2105804855
605.3408747539	-0.0562159674	-34.3723674888
608.1350012788	-0.0567374164	-34.5349626526
610.9420249056	-0.0572641945	-34.6983707172
613.7620051648	-0.0577963735	-34.8625964615
616.5950018615	-0.0583340266	-35.0276447041
619.4410750768	-0.0588772288	-35.1935203034
622.3002851692	-0.0594260563	-35.3602281582
625.1726927757	-0.059980587	-35.5277732083
628.0583588134	-0.0605409004	-35.6961604349
630.9573444802	-0.0611070777	-35.8653948608
633.869711257	-0.0616792016	-36.0354815516
636.795520908	-0.0622573568	-36.2064256155
639.7348354827	-0.0628416296	-36.3782322043
642.6877173171	-0.0634321082	-36.5509065139
645.6542290347	-0.0640288826	-36.7244537844
648.6344335483	-0.0646320448	-36.8988793013
651.6283940609	-0.0652416889	-37.0741883954
654.6361740673	-0.0658579106	-37.2503864439
657.6578373555	-0.0664808083	-37.4274788707
660.6934480076	-0.067110482	-37.605471147
663.7430704019	-0.0677470341	-37.7843687921
666.8067692137	-0.0683905695	-37.9641773734
669.8846094166	-0.069041195	-38.1449025079
672.9766562844	-0.06969902	-38.3265498619
676.082975392	-0.0703641564	-38.5091251523
679.2036326172	-0.0710367185	-38.692634147
682.3386941417	-0.0717168232	-38.8770826654
685.4882264527	-0.0724045901	-39.062476579
688.6522963443	-0.0731001414	-39.2488218125
691.830970919	-0.0738036022	-39.436124344
695.0243175888	-0.0745151006	-39.6243902057
698.2324040772	-0.0752347673	-39.8136254851
701.45529842	-0.0759627363	-40.0038363249
704.6930689672	-0.0766991447	-40.1950289243
707.9457843842	-0.0774441326	-40.3872095394
711.2135136534	-0.0781978436	-40.580384484
714.4963260756	-0.0789604246	-40.7745601305
717.7942912714	-0.079732026	-40.9697429102
721.1074791829	-0.0805128015	-41.1659393144
724.435960075	-0.0813029089	-41.3631558952
727.7798045369	-0.0821025094	-41.5613992659
731.1390834835	-0.0829117683	-41.7606761021
734.5138681572	-0.0837308546	-41.9609931422
737.9042301291	-0.0845599415	-42.1623571884
741.310241301	-0.0853992066	-42.3647751075
744.731973906	-0.0862488315	-42.5682538315
748.1695005112	-0.0871090022	-42.7728003587
751.6228940182	-0.0879799096	-42.9784217542
755.0922276655	-0.0888617488	-43.1851251508
758.5775750292	-0.08975472	-43.3929177503
762.0790100255	-0.0906590283	-43.6018068235
765.5966069113	-0.0915748837	-43.8117997119
769.1304402867	-0.0925025014	-44.0229038279
772.6805850957	-0.0934421023	-44.2351266561
776.2471166287	-0.0943939123	-44.4484757541
779.8301105233	-0.0953581631	-44.6629587532
783.4296427663	-0.0963350925	-44.8785833595
787.0457896951	-0.0973249437	-45.0953573547
790.6786279999	-0.0983279664	-45.313288597
794.3282347243	-0.0993444166	-45.5323850221
797.994687268	-0.1003745564	-45.7526546442
801.6780633877	-0.101418655	-45.9741055566
805.3784411991	-0.102476988	-46.1967459332
809.0958991784	-0.1035498383	-46.4205840287
812.8305161641	-0.1046374958	-46.6456281803
816.5823713586	-0.1057402578	-46.8718868083
820.3515443299	-0.1068584293	-47.0993684169
824.1381150131	-0.1079923231	-47.3280815957
827.9421637124	-0.1091422599	-47.5580350202
831.7637711027	-0.1103085686	-47.7892374529
835.6030182313	-0.1114915868	-48.0216977444
839.4599865194	-0.1126916605	-48.2554248344
843.3347577643	-0.1139091449	-48.4904277527
847.2274141406	-0.1151444041	-48.7267156198
851.1380382024	-0.1163978118	-48.9642976488
855.0667128847	-0.1176697513	-49.2031831453
859.0135215054	-0.1189606159	-49.4433815095
862.978547767	-0.1202708091	-49.6849022362
866.9618757583	-0.1216007447	-49.9277549167
870.9635899561	-0.1229508477	-50.1719492392
874.9837752275	-0.1243215537	-50.4174949901
879.0225168309	-0.12571331	-50.664402055
883.0799004186	-0.1271265753	-50.9126804195
887.156012038	-0.1285618207	-51.1623401706
891.2509381338	-0.1300195291	-51.4133914972
895.3647655496	-0.1315001965	-51.6658446917
899.4975815301	-0.1330043317	-51.9197101503
903.6494737224	-0.1345324567	-52.1749983748
907.8205301782	-0.1360851076	-52.4317199729
912.010839356	-0.1376628342	-52.6898856594
916.2204901221	-0.1392662008	-52.9495062572
920.4495717532	-0.1408957868	-53.2105926985
924.6981739383	-0.1425521866	-53.4731560251
928.96638678	-0.1442360102	-53.7372073902
933.254300797	-0.1459478839	-54.0027580585
937.5620069259	-0.1476884504	-54.2698194075
941.8895965229	-0.1494583692	-54.5384029285
946.2371613659	-0.1512583172	-54.8085202272
950.6047936563	-0.1530889894	-55.0801830247
954.9925860215	-0.1549510989	-55.3534031583
959.400631516	-0.1568453775	-55.6281925822
963.829023624	-0.1587725766	-55.9045633684
968.2778562613	-0.1607334672	-56.1825277075
972.747223777	-0.1627288407	-56.4620979093
977.2372209559	-0.1647595092	-56.7432864034
981.74794302	-0.1668263065	-57.0261057403
986.2794856313	-0.1689300882	-57.3105685913
990.8319448928	-0.1710717323	-57.5966877497
995.4054173516	-0.1732521403	-57.8844761311
1000.0000000001	-0.1754722371	-58.1739467741
1004.6157902785	-0.177732972	-58.4651128402
1009.2528860768	-0.1800353194	-58.7579876148
1013.9113857367	-0.1823802792	-59.0525845075
1018.5913880542	-0.1847688776	-59.3489170519
1023.2929922808	-0.1872021678	-59.6469989064
1028.0162981265	-0.1896812304	-59.946843854
1032.7614057615	-0.1922071747	-60.2484658027
1037.5284158181	-0.1947811388	-60.5518787853
1042.3174293934	-0.1974042906	-60.8570969596
1047.128548051	-0.2000778285	-61.164134608
1051.9618738233	-0.2028029824	-61.4730061378
1056.8175092137	-0.2055810141	-61.7837260804
1061.6955571988	-0.2084132184	-62.0963090912
1066.5961212303	-0.2113009236	-62.4107699493
1071.5193052377	-0.2142454927	-62.7271235567
1076.4652136299	-0.2172483241	-63.0453849378
1081.433951298	-0.2203108524	-63.3655692387
1086.4256236171	-0.2234345492	-63.6876917262
1091.4403364488	-0.2266209244	-64.0117677869
1096.4781961433	-0.2298715265	-64.3378129261
1101.5393095415	-0.2331879442	-64.6658427667
1106.6237839777	-0.2365718069	-64.9958730475
1111.7317272817	-0.2400247858	-65.3279196221
1116.8632477806	-0.243548595	-65.6619984571
1122.018454302	-0.2471449922	-65.9981256304
1127.1974561756	-0.2508157802	-66.3363173288
1132.4003632356	-0.2545628073	-66.6765898468
1137.6272858235	-0.2583879692	-67.0189595833
1142.8783347898	-0.2622932092	-67.3634430398
1148.153621497	-0.26628052	-67.7100568176
1153.4532578212	-0.2703519442	-68.0588176149
1158.7773561552	-0.274509576	-68.4097422238
1164.1260294106	-0.2787555619	-68.762847527
1169.49939102	-0.2830921023	-69.1181504944
1174.8975549396	-0.2875214521	-69.4756681795
1180.3206356518	-0.2920459223	-69.8354177153
1185.7687481672	-0.2966678813	-70.1974163101
1191.2420080275	-0.3013897557	-70.5616812434
1196.7405313073	-0.306214032	-70.928229861
1202.2644346175	-0.3111432573	-71.2970795699
1207.8138351069	-0.3161800412	-71.6682478336
1213.3888504651	-0.3213270566	-72.041752166
1218.9895989249	-0.3265870412	-72.4176101259
1224.6161992651	-0.3319627987	-72.7958393111
1230.2687708125	-0.3374572001	-73.1764573515
1235.9474334446	-0.3430731852	-73.5594819027
1241.6523075925	-0.3488137637	-73.9449306387
1247.383514243	-0.3546820165	-74.3328212448
1253.1411749415	-0.3606810974	-74.7231714092
1258.9254117943	-0.366814234	-75.1159988155
1264.7363474712	-0.3730847292	-75.5113211339
1270.5741052086	-0.3794959627	-75.9091560121
1276.4388088114	-0.3860513921	-76.3095210661
1282.3305826561	-0.3927545545	-76.7124338706
1288.2495516932	-0.3996090676	-77.1179119487
1294.1958414501	-0.406618631	-77.5259727612
1300.1695780334	-0.4137870278	-77.9366336959
1306.1708881319	-0.4211181258	-78.3499120557
1312.1998990193	-0.4286158786	-78.7658250471
1318.2567385565	-0.4362843272	-79.1843897673
1324.3415351948	-0.4441276011	-79.6056231916
1330.4544179782	-0.4521499193	-80.0295421601
1336.5955165465	-0.4603555923	-80.4561633636
1342.764961138	-0.4687490223	-80.8855033291
1348.9628825917	-0.4773347053	-81.3175784052
1355.1894123511	-0.4861172316	-81.7524047464
1361.444682466	-0.4951012872	-82.1899982972
1367.7288255959	-0.5042916548	-82.6303747756
1374.0419750126	-0.5136932149	-83.0735496559
1380.384264603	-0.5233109467	-83.5195381515
1386.755828872	-0.533149929	-83.968355196
1393.1568029454	-0.5432153413	-84.420015425
1399.5873225727	-0.5535124646	-84.8745331567
1406.04752413	-0.5640466817	-85.3319223721
1412.5375446229	-0.5748234786	-85.792196694
1419.0575216892	-0.5858484447	-86.2553693668
1425.6075936023	-0.5971272735	-86.7214532344
1432.1878992736	-0.6086657629	-87.1904607181
1438.7985782559	-0.6204698159	-87.6624037939
1445.439770746	-0.6325454407	-88.1372939694
1452.1116175878	-0.644898751	-88.6151422599
1458.8142602755	-0.6575359659	-89.0959591636
1465.547840956	-0.6704634103	-89.5797546375
1472.3125024328	-0.6836875145	-90.0665380711
1479.1083881683	-0.697214814	-90.5563182613
1485.9356422871	-0.7110519492	-91.0491033851
1492.7944095791	-0.725205665	-91.5449009735
1499.6848355025	-0.7396828101	-92.0437178833
1506.6070661868	-0.7544903363	-92.5455602701
1513.5612484363	-0.7696352976	-93.0504335593
1520.5475297326	-0.7851248491	-93.5583424181
1527.5660582382	-0.8009662459	-94.0692907261
1534.6169827994	-0.8171668418	-94.5832815462
1541.7004529497	-0.8337340875	-95.1003170949
1548.8166189126	-0.8506755292	-95.6203987123
1555.9656316052	-0.8679988065	-96.1435268322
1563.1476426411	-0.8857116504	-96.6697009518
1570.3628043337	-0.9038218811	-97.1989196012
1577.6112696995	-0.9223374056	-97.7311803129
1584.8931924612	-0.9412662146	-98.2664795911
1592.2087270513	-0.9606163804	-98.8048128817
1599.5580286148	-0.9803960531	-99.3461745411
1606.941253013	-1.0006134576	-99.8905578064
1614.3585568266	-1.0212768904	-100.437954765
1621.810097359	-1.0423947153	-100.9883563249
1629.2960326398	-1.0639753597	-101.5417521847
1636.8165214279	-1.0860273107	-102.0981308051
1644.371723215	-1.1085591101	-102.6574793795
1651.9617982291	-1.1315793502	-103.219783806
1659.5869074377	-1.155096669	-103.7850286602
1667.2472125512	-1.1791197447	-104.3531971678
1674.9428760266	-1.2036572904	-104.9242711786
1682.6740610706	-1.2287180489	-105.4982311416
1690.4409316434	-1.2543107867	-106.0750560801
1698.2436524619	-1.2804442875	-106.6547235691
1706.0823890032	-1.3071273468	-107.2372097124
1713.9573075085	-1.3343687647	-107.8224891222
1721.8685749861	-1.3621773395	-108.4105348991
1729.8163592152	-1.3905618606	-109.0013186139
1737.8008287495	-1.4195311014	-109.5948102911
1745.8221529206	-1.4490938123	-110.1909783929
1753.8805018419	-1.4792587126	-110.7897898065
1761.9760464118	-1.510034483	-111.3912098315
1770.1089583175	-1.541429758	-111.9952021703
1778.2794100391	-1.5734531173	-112.6017289199
1786.4875748522	-1.606113078	-113.2107505658
1794.7336268327	-1.639418086	-113.8222259778
1803.0177408597	-1.6733765075	-114.4361124082
1811.3400926197	-1.7079966204	-115.0523654925
1819.7008586101	-1.7432866059	-115.6709392513
1828.1002161429	-1.7792545391	-116.291786096
1836.5383433485	-1.8159083805	-116.9148568359
1845.0154191796	-1.8532559669	-117.5401006882
1853.5316234149	-1.8913050028	-118.1674652904
1862.087136663	-1.9300630507	-118.7968967155
1870.6821403659	-1.9695375228	-119.4283394892
1879.3168168034	-2.0097356717	-120.0617366107
1887.9913490964	-2.0506645816	-120.6970295752
1896.7059212113	-2.0923311591	-121.3341584001
1905.4607179634	-2.134742125	-121.9730616525
1914.2559250212	-2.1779040052	-122.6136764808
1923.0917289103	-2.2218231222	-123.2559386484
1931.9683170171	-2.2665055869	-123.8997825696
1940.8858775929	-2.3119572902	-124.545141349
1949.8445997582	-2.358183895	-125.1919468229
1958.8446735061	-2.4051908285	-125.8401296034
1967.886289707	-2.4529832742	-126.4896191252
1976.969640112	-2.5015661654	-127.1403436944
1986.0949173575	-2.5509441773	-127.7922305404
1995.262314969	-2.6011217208	-128.4452058691
2004.4720273653	-2.6521029357	-129.0991949192
2013.7242498625	-2.7038916851	-129.7541220201
2023.0191786784	-2.7564915491	-130.4099106518
2032.3570109364	-2.8099058199	-131.0664835071
2041.7379446697	-2.8641374967	-131.723762555
2051.1621788257	-2.919189281	-132.3816691061
2060.6299132702	-2.9750635728	-133.0401238794
2070.1413487912	-3.0317624663	-133.6990470702
2079.6966871039	-3.0892877475	-134.3583584197
2089.2961308542	-3.1476408906	-135.0179772853
2098.9398836237	-3.2068230562	-135.6778227118
2108.6281499334	-3.2668350892	-136.3378135035
2118.3611352487	-3.3276775174	-136.9978682964
2128.1390459829	-3.3893505507	-137.6579056319
2137.9620895024	-3.4518540807	-138.3178440293
2147.8304741307	-3.5151876807	-138.9776020592
2157.7444091528	-3.5793506064	-139.637098417
2167.7041048199	-3.6443417967	-140.2962519953
2177.7097723533	-3.7101598754	-140.9549819566
2187.7616239497	-3.7768031534	-141.6132078051
2197.859872785	-3.8442696305	-142.2708494575
2208.0047330191	-3.9125569994	-142.9278273134
2218.1964198004	-3.9816626481	-143.5840623241
2228.4351492705	-4.0515836642	-144.2394760605
2238.7211385685	-4.1223168392	-144.8939907792
2249.054605836	-4.1938586731	-145.5475294877
2259.4357702211	-4.2662053794	-146.2000160074
2269.864851884	-4.3393528908	-146.8513750347
2280.3420720006	-4.4132968647	-147.5015322011
2290.8676527679	-4.4880326899	-148.15041413
2301.4418174087	-4.5635554924	-148.7979484924
2312.0647901758	-4.6398601431	-149.4440640599
2322.7367963573	-4.7169412644	-150.0886907554
2333.4580622812	-4.7947932376	-150.7317597016
2344.2288153201	-4.8734102107	-151.3732032667
2355.0492838962	-4.9527861066	-152.0129551081
2365.9196974859	-5.0329146304	-152.6509502133
2376.8402866251	-5.1137892787	-153.2871249375
2387.8112829134	-5.1954033471	-153.9214170399
2398.8329190197	-5.2777499397	-154.5537657163
2409.9054286868	-5.3608219769	-155.1841116293
2421.0290467364	-5.4446122052	-155.8123969359
2432.204009074	-5.5291132051	-156.4385653121
2443.4305526942	-5.6143174009	-157.0625619757
2454.7089156852	-5.7002170692	-157.6843337049
2466.0393372345	-5.7868043482	-158.3038288559
2477.4220576335	-5.8740712464	-158.9209973769
2488.8573182826	-5.9620096518	-159.5357908196
2500.3453616966	-6.0506113409	-160.1481623486
2511.8864315098	-6.1398679872	-160.7580667481
2523.4807724808	-6.2297711707	-161.3654604261
2535.1286304981	-6.3203123859	-161.9703014163
2546.8302525852	-6.4114830507	-162.572549378
2558.5858869058	-6.503274515	-163.1721655932
2570.3957827691	-6.595678069	-163.769112962
2582.2601906348	-6.6886849512	-164.3633559963
2594.179362119	-6.7822863567	-164.9548608103
2606.1535499991	-6.876473445	-165.5435951106
2618.1830082192	-6.9712373475	-166.1295281832
2630.2679918956	-7.0665691754	-166.71263088
2642.4087573222	-7.1624600265	-167.2928756023
2654.6055619757	-7.2589009927	-167.870236284
2666.8586645217	-7.355883167	-168.4446883726
2679.1683248192	-7.4533976495	-169.0162088091
2691.5348039271	-7.5514355545	-169.584776007
2703.9583641091	-7.6499880166	-170.1503698288
2716.4392688393	-7.7490461964	-170.7129715632
2728.9777828083	-7.8486012866	-171.2725639001
2741.5741719281	-7.9486445173	-171.8291309049
2754.2287033384	-8.0491671616	-172.3826579921
2766.9416454117	-8.1501605402	-172.9331318984
2779.7132677595	-8.2516160265	-173.4805406542
2792.5438412376	-8.3535250514	-174.0248735559
2805.4336379519	-8.4558791071	-174.5661211364
2818.3829312647	-8.558669752	-175.1042751359
2831.3919957996	-8.6618886137	-175.6393284718
2844.4611074481	-8.7655273936	-176.1712752093
2857.5905433752	-8.8695778695	-176.7001105304
2870.7805820249	-8.9740318995	-177.2258307036
2884.0315031268	-9.0788814248	-177.7484330534
2897.3435877016	-9.1841184723	-178.2679159297
2910.7171180668	-9.2897351575	-178.7842786768
2924.1523778436	-9.3957236869	-179.2975216031
2937.6496519618	-9.5020763601	-179.8076459506
2951.2092266666	-9.6087855717	-180.3146538642
2964.8313895246	-9.7158438136	-180.8185483621
2978.5164294294	-9.823243676	-181.3193333051
2992.2646366084	-9.9309778496	-181.8170133678
3006.0763026285	-10.0390391264	-182.3115940085
3019.9517204023	-10.147420401	-182.8030814408
3033.8911841945	-10.2561146717	-183.2914826045
3047.8949896282	-10.3651150415	-183.7768051373
3061.9634336909	-10.4744147182	-184.2590573476
3076.096814741	-10.5840070157	-184.7382481863
3090.2954325138	-10.6938853541	-185.2143872206
3104.5595881286	-10.8040432599	-185.6874846069
3118.8895840942	-10.9144743663	-186.1575510655
3133.2857243158	-11.0251724136	-186.6245978547
3147.7483141016	-11.1361312486	-187.0886367462
3162.2776601686	-11.2473448248	-187.5496800006
3176.87407065	-11.3588072021	-188.0077403436
3191.537855101	-11.4705125466	-188.4628309428
3206.2693245057	-11.5824551299	-188.9149653851
3221.0687912837	-11.6946293287	-189.3641576543
3235.9365692965	-11.8070296246	-189.8104221101
3250.8729738546	-11.9196506027	-190.2537734662
3265.8783217236	-12.0324869517	-190.6942267708
3280.9529311315	-12.1455334624	-191.1317973863
3296.0971217748	-12.2587850274	-191.5665009701
3311.3112148262	-12.3722366398	-191.9983534559
3326.5955329403	-12.4858833925	-192.4273710355
3341.9504002614	-12.5997204771	-192.8535701413
3357.3761424298	-12.7137431829	-193.2769674292
3372.873086589	-12.8279468956	-193.6975797623
3388.4415613923	-12.9423270966	-194.1154241943
3404.0818970103	-13.0568793615	-194.5305179552
3419.7944251374	-13.171599359	-194.9428784351
3435.579478999	-13.2864828496	-195.3525231711
3451.4373933588	-13.4015256846	-195.7594698322
3467.3685045256	-13.5167238047	-196.1637362071
3483.3731503604	-13.6320732385	-196.5653401904
3499.4516702839	-13.7475701018	-196.9642997706
3515.6044052833	-13.8632105955	-197.3606330183
3531.8316979199	-13.978991005	-197.7543580744
3548.133892336	-14.0949076984	-198.1454931392
3564.5113342627	-14.2109571253	-198.534056462
3580.9643710267	-14.3271358156	-198.9200663309
3597.4933515577	-14.4434403779	-199.3035410626
3614.0986263964	-14.5598674984	-199.6844989938
3630.7805477013	-14.6764139393	-200.0629584718
3647.5394692564	-14.7930765378	-200.4389378463
3664.3757464786	-14.9098522043	-200.8124554607
3681.2897364256	-15.0267379215	-201.1835296449
3698.281797803	-15.1437307427	-201.5521787075
3715.352290972	-15.2608277908	-201.9184209289
3732.5015779575	-15.3780262567	-202.2822745546
3749.7300224551	-15.4953233982	-202.6437577882
3767.0379898394	-15.6127165386	-203.0028887862
3784.4258471712	-15.7302030652	-203.3596856515
3801.8939632059	-15.8477804287	-203.7141664281
3819.4427084008	-15.9654461411	-204.0663490959
3837.0724549231	-16.083197775	-204.4162515656
3854.783576658	-16.201032962	-204.7638916744
3872.5764492165	-16.3189493918	-205.1092871811
3890.4514499431	-16.436944811	-205.4524557622
3908.4089579243	-16.5550170214	-205.7934150079
3926.4493539963	-16.6731638794	-206.1321824183
3944.5730207531	-16.7913832946	-206.4687754001
3962.7803425547	-16.9096732286	-206.8032112632
3981.0717055353	-17.0280316939	-207.1355072178
3999.4474976113	-17.146456753	-207.4656803713
4017.9081084897	-17.2649465167	-207.7937477258
4036.4539296764	-17.383499144	-208.1197261756
4055.0853544842	-17.50211284	-208.4436325047
4073.8027780415	-17.6207858555	-208.7654833851
4092.6065973004	-17.7395164858	-209.0852953744
4111.4972110456	-17.8583030698	-209.4030849142
4130.475019902	-17.9771439885	-209.7188683284
4149.540426344	-18.0960376649	-210.0326618218
4168.6938347037	-18.2149825623	-210.3444814782
4187.9356511795	-18.3339771835	-210.6543432601
4207.2662838448	-18.4530200702	-210.9622630066
4226.6861426564	-18.5721098019	-211.268256433
4246.1956394635	-18.6912449947	-211.5723391298
4265.7951880163	-18.8104243012	-211.8745265617
4285.4852039748	-18.9296464086	-212.1748340672
4305.2661049175	-19.0489100389	-212.4732768582
4325.1383103504	-19.1682139473	-212.7698700188
4345.1022417161	-19.287556922	-213.0646285057
4365.158322402	-19.4069377827	-213.3575671477
4385.3069777502	-19.5263553806	-213.6487006453
4405.5486350659	-19.6458085972	-213.9380435705
4425.8837236266	-19.7652963435	-214.2256103673
4446.3126746915	-19.8848175596	-214.5114153511
4466.83592151	-20.0043712137	-214.7954727093
4487.4538993317	-20.1239563015	-215.0777965008
4508.167045415	-20.2435718457	-215.3584006571
4528.9757990366	-20.3632168949	-215.6372989818
4549.8806015009	-20.4828905235	-215.9145051514
4570.8818961491	-20.6025918306	-216.1900327153
4591.9801283691	-20.7223199396	-216.4638950966
4613.1757456042	-20.8420739977	-216.7361055925
4634.4691973633	-20.961853175	-217.0066773747
4655.86093523	-21.0816566641	-217.2756234898
4677.3514128724	-21.2014836797	-217.5429568603
4698.9410860525	-21.3213334576	-217.8086902851
4720.6304126363	-21.4412052547	-218.0728364399
4742.4198526028	-21.5610983479	-218.3354078784
4764.3098680546	-21.6810120341	-218.5964170325
4786.3009232268	-21.8009456295	-218.8558762135
4808.3934844977	-21.9208984689	-219.1137976126
4830.5880203981	-22.0408699056	-219.3701933019
4852.8850016216	-22.1608593105	-219.625075235
4875.2849010343	-22.2808660722	-219.8784552481
4897.7881936849	-22.4008895959	-220.1303450608
4920.3953568149	-22.5209293035	-220.380756277
4943.1068698688	-22.6409846329	-220.6297003856
4965.9232145038	-22.7610550378	-220.8771887619
4988.8448746005	-22.8811399868	-221.1232326679
5011.8723362731	-23.0012389637	-221.3678432538
5035.0060878795	-23.1213514667	-221.6110315586
5058.2466200316	-23.2414770078	-221.8528085115
5081.594425606	-23.3616151132	-222.0931849321
5105.0499997545	-23.481765322	-222.3321715324
5128.6138399141	-23.6019271866	-222.5697789168
5152.286445818	-23.7221002721	-222.8060175839
5176.0683195061	-23.8422841557	-223.040897927
5199.9599653356	-23.9624784268	-223.2744302353
5223.9618899916	-24.0826826865	-223.5066246949
5248.0746024982	-24.2028965471	-223.7374913898
5272.2986142287	-24.3231196324	-223.9670403028
5296.634438917	-24.4433515765	-224.1952813168
5321.0825926684	-24.5635920244	-224.4222242154
5345.6435939702	-24.6838406311	-224.6478786844
5370.317963703	-24.8040970618	-224.8722543123
5395.1062251517	-24.924360991	-225.0953605918
5420.0089040167	-25.0446321032	-225.3172069204
5445.0265284247	-25.1649100916	-225.5378026017
5470.1596289402	-25.2851946586	-225.7571568462
5495.4087385767	-25.4054855152	-225.9752787725
5520.774392808	-25.525782381	-226.192177408
5546.2571295796	-25.6460849837	-226.4078616903
5571.8574893198	-25.7663930592	-226.6223404678
5597.5760149516	-25.886706351	-226.8356225009
5623.413251904	-26.0070246103	-227.0477164629
5649.3697481235	-26.1273475958	-227.258630941
5675.446054086	-26.2476750733	-227.4683744373
5701.642722808	-26.3680068156	-227.6769553697
5727.9603098588	-26.4883426023	-227.8843820727
5754.3993733721	-26.6086822197	-228.0906627989
5780.9604740577	-26.7290254606	-228.2958057191
5807.6441752136	-26.8493721239	-228.499818924
5834.4510427379	-26.9697220148	-228.7027104246
5861.3816451408	-27.0900749444	-228.9044881536
5888.4365535564	-27.2104307294	-229.1051599657
5915.6163417552	-27.3307891923	-229.304733639
5942.9215861562	-27.4511501612	-229.5032168759
5970.3528658389	-27.5715134692	-229.7006173034
5997.9107625556	-27.6918789549	-229.8969424748
6025.5958607441	-27.8122464617	-230.09219987
6053.4087475397	-27.9326158379	-230.2863968964
6081.3500127877	-28.0529869368	-230.47954089
6109.4202490563	-28.1733596162	-230.6716391162
6137.6200516485	-28.2937337383	-230.8626987705
6165.9500186154	-28.4141091699	-231.0527269792
6194.4107507684	-28.5344857818	-231.2417308006
6223.0028516921	-28.6548634492	-231.4297172256
6251.7269277574	-28.7752420512	-231.6166931785
6280.5835881337	-28.8956214709	-231.8026655177
6309.5734448025	-29.0160015951	-231.9876410368
6338.6971125698	-29.1363823144	-232.1716264649
6367.9552090797	-29.256763523	-232.3546284679
6397.348354827	-29.3771451186	-232.5366536488
6426.8771731708	-29.4975270022	-232.7177085487
6456.5422903471	-29.6179090783	-232.8977996476
6486.344335483	-29.7382912545	-233.0769333647
6516.283940609	-29.8586734415	-233.2551160599
6546.3617406733	-29.9790555533	-233.4323540337
6576.5783735548	-30.0994375064	-233.6086535284
6606.9344800765	-30.2198192206	-233.7840207286
6637.4307040197	-30.3402006184	-233.9584617621
6668.0676921368	-30.4605816247	-234.1319827002
6698.8460941659	-30.5809621676	-234.3045895587
6729.7665628438	-30.7013421772	-234.4762882987
6760.8297539204	-30.8217215865	-234.6470848268
6792.0363261724	-30.9421003308	-234.8169849959
6823.3869414173	-31.0624783476	-234.9859946061
6854.8822645272	-31.182855577	-235.1541194052
6886.5229634434	-31.303231961	-235.3213650891
6918.30970919	-31.4236074439	-235.4877373027
6950.2431758886	-31.5439819722	-235.6532416405
6982.3240407723	-31.6643554943	-235.8178836468
7014.5529842003	-31.7847279606	-235.9816688169
7046.9306896721	-31.9050993234	-236.1446025973
7079.457843842	-32.0254695371	-236.3066903864
7112.1351365339	-32.1458385575	-236.467937535
7144.9632607558	-32.2662063426	-236.6283493469
7177.9429127143	-32.3865728518	-236.7879310793
7211.0747918296	-32.5069380462	-236.9466879439
7244.3596007505	-32.6273018887	-237.1046251067
7277.7980453689	-32.7476643436	-237.261747689
7311.3908348348	-32.8680253768	-237.4180607679
7345.1386815718	-32.9883849556	-237.5735693766
7379.0423012917	-33.1087430488	-237.7282785051
7413.1024130098	-33.2290996266	-237.8821931007
7447.3197390606	-33.3494546605	-238.0353180684
7481.6950051122	-33.4698081232	-238.1876582713
7516.2289401827	-33.5901599891	-238.3392185316
7550.922276655	-33.7105102333	-238.4900036305
7585.7757502925	-33.8308588324	-238.6400183088
7620.7901002548	-33.9512057641	-238.7892672675
7655.9660691132	-34.0715510072	-238.9377551685
7691.3044028668	-34.1918945417	-239.0854866344
7726.8058509577	-34.3122363486	-239.2324662495
7762.4711662876	-34.4325764098	-239.37869856
7798.3011052333	-34.5529147084	-239.5241880747
7834.2964276628	-34.6732512283	-239.6689392649
7870.4578969517	-34.7935859545	-239.8129565655
7906.786279999	-34.9139188728	-239.9562443748
7943.2823472435	-35.0342499699	-240.0988070553
7979.9468726805	-35.1545792334	-240.2406489341
8016.7806338775	-35.2749066516	-240.3817743032
8053.7844119914	-35.3952322137	-240.5221874196
8090.9589917846	-35.5155559098	-240.6618925064
8128.3051616417	-35.6358777305	-240.8008937526
8165.8237135867	-35.7561976673	-240.9391953135
8203.5154432989	-35.8765157123	-241.0768013115
8241.3811501308	-35.9968318585	-241.2137158361
8279.4216371241	-36.1171460993	-241.3499429444
8317.6377110275	-36.2374584288	-241.4854866614
8356.0301823132	-36.3577688419	-241.6203509804
8394.5998651947	-36.4780773339	-241.7545398633
8433.3475776435	-36.5983839008	-241.8880572411
8472.2741414067	-36.7186885391	-242.020907014
8511.3803820245	-36.8389912458	-242.153093052
8550.6671288476	-36.9592920186	-242.2846191949
8590.1352150547	-37.0795908556	-242.4154892532
8629.7854776705	-37.1998877553	-242.5457070076
8669.618757583	-37.3201827168	-242.6752762101
8709.6358995616	-37.4404757397	-242.8042005838
8749.8377522752	-37.5607668239	-242.9324838235
8790.2251683096	-37.6810559698	-243.0601295958
8830.7990041864	-37.8013431783	-243.1871415397
8871.5601203804	-37.9216284506	-243.3135232664
8912.5093813383	-38.0419117882	-243.4392783602
8953.6476554968	-38.1621931933	-243.5644103783
8994.9758153012	-38.282472668	-243.6889228513
9036.4947372238	-38.4027502152	-243.8128192836
9078.2053017827	-38.5230258378	-243.9361031532
9120.1083935599	-38.6432995391	-244.0587779127
9162.2049012208	-38.763571323	-244.180846989
9204.4957175326	-38.8838411932	-244.3023137836
9246.9817393831	-39.0041091541	-244.4231816733
9289.6638678002	-39.1243752102	-244.54345401
9332.5430079708	-39.2446393663	-244.6631341211
9375.6200692597	-39.3649016274	-244.7822253098
9418.8959652293	-39.4851619989	-244.9007308555
9462.3716136588	-39.6054204863	-245.0186540136
9506.0479365637	-39.7256770954	-245.1359980163
9549.9258602152	-39.8459318321	-245.2527660723
9594.0063151602	-39.9661847027	-245.3689613675
9638.2902362406	-40.0864357136	-245.4845870648
9682.7785626134	-40.2066848714	-245.599646305
9727.4722377706	-40.3269321829	-245.714142206
9772.372209559	-40.447177655	-245.8280778641
9817.4794302008	-40.5674212949	-245.9414563536
9862.794856313	-40.68766311	-246.0542807269
9908.3194489286	-40.8079031075	-246.1665540153
9954.0541735162	-40.9281412953	-246.2782792288
10000.0000000009	-41.048377681	-246.3894593563
10046.1579027849	-41.1686122725	-246.5000973659
10092.5288607678	-41.2888450779	-246.6101962053
10139.1138573677	-41.4090761053	-246.7197588016
10185.9138805421	-41.529305363	-246.8287880618
10232.9299228085	-41.6495328593	-246.9372868728
10280.1629812657	-41.7697586028	-247.0452581019
10327.6140576149	-41.8899826019	-247.1527045967
10375.2841581811	-42.0102048655	-247.2596291852
10423.174293934	-42.1304254023	-247.3660346764
10471.28548051	-42.2506442212	-247.4719238601
10519.6187382332	-42.370861331	-247.5772995075
10568.1750921376	-42.4910767409	-247.6821643708
10616.9555719882	-42.6112904599	-247.7865211838
10665.9612123036	-42.7315024972	-247.8903726619
10715.1930523771	-42.8517128619	-247.9937215026
10764.6521362994	-42.9719215635	-248.0965703852
10814.3395129804	-43.0921286111	-248.1989219711
10864.2562361717	-43.2123340143	-248.3007789042
10914.4033644886	-43.3325377824	-248.4021438108
10964.7819614329	-43.452739925	-248.5030193001
11015.3930954152	-43.5729404515	-248.6034079639
11066.2378397777	-43.6931393715	-248.7033123769
11117.317272817	-43.8133366946	-248.8027350974
11168.6324778067	-43.9335324305	-248.9016786664
11220.1845430207	-44.0537265887	-249.0001456089
11271.9745617562	-44.173919179	-249.0981384331
11324.0036323566	-44.2941102111	-249.1956596313
11376.2728582354	-44.4142996946	-249.2927116793
11428.7833478988	-44.5344876393	-249.3892970374
11481.5362149699	-44.654674055	-249.4854181496
11534.532578212	-44.7748589514	-249.5810774447
11587.7735615524	-44.8950423382	-249.6762773356
11641.260294106	-45.0152242253	-249.7710202201
11694.9939101998	-45.1354046223	-249.8653084805
11748.9755493964	-45.2555835392	-249.9591444841
11803.2063565184	-45.3757609856	-250.0525305832
11857.6874816727	-45.4959369713	-250.1454691152
11912.4200802749	-45.6161115061	-250.2379624029
11967.4053130736	-45.7362845998	-250.3300127544
12022.6443461753	-45.856456262	-250.4216224632
12078.138351069	-45.9766265025	-250.5127938088
12133.8885046509	-46.0967953312	-250.6035290561
12189.8959892498	-46.2169627575	-250.6938304561
12246.1619926517	-46.3371287914	-250.7837002459
12302.687708125	-46.4572934423	-250.8731406485
12359.4743344463	-46.5774567201	-250.9621538733
12416.5230759253	-46.6976186343	-251.0507421161
12473.8351424306	-46.8177791946	-251.1389075591
12531.4117494154	-46.9379384105	-251.2266523713
12589.2541179429	-47.0580962916	-251.3139787081
12647.3634747127	-47.1782528474	-251.4008887119
12705.7410520866	-47.2984080876	-251.4873845121
12764.3880881147	-47.4185620215	-251.573468225
12823.3058265614	-47.5387146586	-251.6591419543
12882.4955169326	-47.6588660083	-251.7444077905
12941.9584145011	-47.7790160801	-251.829267812
13001.6957803342	-47.8991648833	-251.9137240844
13061.7088813197	-48.0193124273	-251.9977786607
13121.9989901933	-48.1394587213	-252.0814335819
13182.5673855653	-48.2596037746	-252.1646908766
13243.4153519479	-48.3797475964	-252.2475525613
13304.5441797822	-48.4998901959	-252.3300206404
13365.9551654657	-48.6200315823	-252.4120971066
13427.6496113799	-48.7401717647	-252.4937839404
13489.6288259178	-48.8603107521	-252.5750831109
13551.8941235117	-48.9804485536	-252.6559965752
13614.4468246608	-49.1005851782	-252.7365262793
13677.2882559598	-49.2207206348	-252.8166741573
13740.4197501265	-49.3408549324	-252.8964421322
13803.8426460302	-49.4609880798	-252.9758321155
13867.5582887202	-49.5811200858	-253.0548460077
13931.5680294544	-49.7012509593	-253.133485698
13995.8732257275	-49.8213807089	-253.2117530647
14060.4752413005	-49.9415093434	-253.2896499753
14125.3754462289	-50.0616368714	-253.3671782861
14190.5752168923	-50.1817633016	-253.4443398428
14256.0759360233	-50.3018886424	-253.5211364806
14321.8789927368	-50.4220129025	-253.5975700238
14387.9857825599	-50.5421360902	-253.6736422862
14454.3977074607	-50.662258214	-253.7493550715
14521.1161758788	-50.7823792823	-253.8247101726
14588.1426027549	-50.9024993034	-253.8997093724
14655.4784095606	-51.0226182856	-253.9743544434
14723.1250243286	-51.1427362372	-254.0486471481
14791.0838816835	-51.2628531662	-254.122589239
14859.3564228715	-51.382969081	-254.1961824584
14927.9440957914	-51.5030839894	-254.2694285389
14996.8483550252	-51.6231978997	-254.3423292031
15066.0706618689	-51.7433108198	-254.4148861641
15135.6124843636	-51.8634227577	-254.487101125
15205.4752973265	-51.9835337212	-254.5589757794
15275.6605823822	-52.1036437181	-254.6305118115
15346.1698279945	-52.2237527565	-254.7017108959
15417.0045294971	-52.3438608438	-254.7725746977
15488.1661891263	-52.463967988	-254.8431048728
15559.6563160523	-52.5840741965	-254.9133030679
15631.4764264111	-52.7041794772	-254.9831709203
15703.6280433371	-52.8242838374	-255.0527100582
15776.112696995	-52.9443872847	-255.1219221009
15848.9319246127	-53.0644898266	-255.1908086586
15922.0872705133	-53.1845914704	-255.2593713324
15995.5802861483	-53.3046922236	-255.3276117148
16069.4125301304	-53.4247920935	-255.3955313893
16143.5855682665	-53.5448910873	-255.4631319306
16218.1009735909	-53.6649892123	-255.530414905
16292.9603263988	-53.7850864755	-255.5973818699
16368.1652142797	-53.9051828842	-255.6640343742
16443.717232151	-54.0252784454	-255.7303739583
16519.6179822918	-54.1453731661	-255.7964021542
16595.8690743773	-54.2654670534	-255.8621204855
16672.4721255123	-54.385560114	-255.9275304673
16749.428760266	-54.505652355	-255.9926336067
16826.7406107064	-54.6257437831	-256.0574314023
16904.4093164343	-54.7458344051	-256.1219253449
16982.4365246191	-54.8659242278	-256.1861169169
17060.8238900329	-54.9860132578	-256.2500075928
17139.573075086	-55.1061015018	-256.3135988389
17218.6857498618	-55.2261889663	-256.3768921138
17298.1635921528	-55.346275658	-256.4398888681
17378.0082874955	-55.4663615832	-256.5025905447
17458.2215292068	-55.5864467485	-256.5649985785
17538.8050184194	-55.7065311603	-256.6271143969
17619.7604641181	-55.8266148249	-256.6889394195
17701.089583176	-55.9466977485	-256.7504750582
17782.794100391	-56.0667799376	-256.8117227176
17864.8757485223	-56.1868613982	-256.8726837945
17947.3362683271	-56.3069421367	-256.9333596784
18030.1774085975	-56.427022159	-256.9937517512
18113.4009261979	-56.5471014712	-257.0538613877
18197.0085861017	-56.6671800795	-257.1136899552
18281.0021614293	-56.7872579897	-257.1732388138
18365.3834334853	-56.9073352079	-257.2325093162
18450.1541917966	-57.0274117399	-257.2915028082
18535.31623415	-57.1474875916	-257.3502206282
18620.8713666306	-57.2675627687	-257.4086641076
18706.8214036599	-57.3876372771	-257.466834571
18793.1681680346	-57.5077111225	-257.5247333356
18879.9134909648	-57.6277843105	-257.582361712
18967.0592121134	-57.7478568467	-257.6397210037
19054.6071796344	-57.8679287368	-257.6968125074
19142.5592502128	-57.9879999864	-257.7536375129
19230.9172891035	-58.1080706008	-257.8101973035
19319.6831701712	-58.2281405856	-257.8664931553
19408.8587759297	-58.3482099462	-257.9225263383
19498.4459975824	-58.468278688	-257.9782981153
19588.4467350619	-58.5883468162	-258.0338097429
19678.8628970704	-58.7084143362	-258.0890624709
19769.6964011206	-58.8284812533	-258.1440575428
19860.9491735757	-58.9485475726	-258.1987961955
19952.6231496908	-59.0686132993	-258.2532796593
20044.7202736537	-59.1886784385	-258.3075091585
20137.2424986259	-59.3087429953	-258.3614859106
20230.1917867848	-59.4288069748	-258.4152111272
20323.5701093643	-59.548870382	-258.4686860133
20417.3794466974	-59.6689332217	-258.5219117678
20511.6217882578	-59.7889954991	-258.5748895835
20606.2991327021	-59.9090572188	-258.6276206468
20701.4134879125	-60.0291183859	-258.6801061383
20796.9668710391	-60.149179005	-258.7323472322
20892.9613085425	-60.269239081	-258.7843450968
20989.3988362374	-60.3892986186	-258.8361008944
21086.2814993351	-60.5093576225	-258.8876157813
21183.6113524872	-60.6294160973	-258.9388909079
21281.3904598293	-60.7494740476	-258.9899274186
21379.6208950245	-60.8695314781	-259.0407264521
21478.3047413076	-60.9895883933	-259.0912891411
21577.4440915289	-61.1096447976	-259.1416166127
21677.0410481992	-61.2297006955	-259.191709988
21777.0977235338	-61.3497560915	-259.2415703826
21877.6162394978	-61.46981099	-259.2911989063
21978.5987278505	-61.5898653953	-259.3405966633
22080.0473301913	-61.7099193117	-259.389764752
22181.9641980045	-61.8299727436	-259.4387042656
22284.3514927054	-61.9500256951	-259.4874162913
22387.2113856857	-62.0700781705	-259.5359019112
22490.5460583601	-62.1901301741	-259.5841622014
22594.3577022121	-62.3101817098	-259.6321982331
22698.6485188406	-62.4302327819	-259.6800110718
22803.4207200066	-62.5502833943	-259.7276017775
22908.6765276801	-62.6703335513	-259.7749714051
23014.4181740875	-62.7903832567	-259.822121004
23120.6479017584	-62.9104325145	-259.8690516184
23227.3679635735	-63.0304813288	-259.9157642871
23334.5806228125	-63.1505297033	-259.9622600439
23442.2881532017	-63.270577642	-260.0085399171
23550.4928389626	-63.3906251487	-260.05460493
23659.1969748601	-63.5106722273	-260.1004561008
23768.4028662513	-63.6307188815	-260.1460944426
23878.1128291343	-63.7507651151	-260.1915209632
23988.3291901974	-63.8708109317	-260.2367366656
24099.0542868685	-63.9908563351	-260.2817425476
24210.2904673643	-64.110901329	-260.326539602
24322.0400907407	-64.2309459169	-260.3711288169
24434.3055269423	-64.3509901024	-260.4155111751
24547.0891568529	-64.4710338891	-260.4596876548
24660.393372346	-64.5910772806	-260.5036592291
24774.2205763355	-64.7111202804	-260.5474268662
24888.5731828265	-64.8311628919	-260.5909915299
25003.453616967	-64.9512051185	-260.6343541786
25118.8643150985	-65.0712469637	-260.6775157664
25234.8077248084	-65.1912884309	-260.7204772424
25351.2863049818	-65.3113295234	-260.7632395511
25468.3025258531	-65.4313702445	-260.8058036324
25585.8588690592	-65.5514105976	-260.8481704212
25703.9578276914	-65.671450586	-260.8903408481
25822.6019063487	-65.7914902128	-260.932315839
25941.7936211909	-65.9115294813	-260.9740963151
26061.5354999917	-66.0315683946	-261.0156831932
26181.8300821926	-66.151606956	-261.0570773854
26302.6799189566	-66.2716451686	-261.0982797994
26424.0875732223	-66.3916830354	-261.1392913384
26546.0556197582	-66.5117205596	-261.1801129013
26668.5866452176	-66.6317577442	-261.2207453822
26791.6832481932	-66.7517945923	-261.261189671
26915.348039272	-66.8718311068	-261.3014466534
27039.5836410913	-66.9918672907	-261.3415172104
27164.3926883937	-67.111903147	-261.3814022188
27289.7778280833	-67.2319386785	-261.4211025512
27415.7417192817	-67.3519738883	-261.4606190758
27542.2870333846	-67.4720087791	-261.4999526565
27669.4164541181	-67.5920433539	-261.539104153
27797.1326775959	-67.7120776153	-261.5780744209
27925.4384123764	-67.8321115664	-261.6168643115
28054.3363795201	-67.9521452097	-261.6554746718
28183.8293126476	-68.0721785481	-261.6939063449
28313.9199579968	-68.1922115843	-261.7321601695
28444.6110744822	-68.312244321	-261.7702369806
28575.9054337525	-68.4322767609	-261.8081376086
28707.80582025	-68.5523089067	-261.8458628803
28840.3150312692	-68.6723407609	-261.8834136183
28973.4358770163	-68.7923723262	-261.920790641
29107.1711806692	-68.9124036052	-261.9579947631
29241.5237784365	-69.0324346004	-261.9950267951
29376.4965196185	-69.1524653144	-262.0318875437
29512.092266667	-69.2724957497	-262.0685778116
29648.3138952466	-69.3925259088	-262.1050983976
29785.1642942951	-69.5125557942	-262.1414500967
29922.6463660851	-69.6325854084	-262.1776336999
30060.7630262855	-69.7526147537	-262.2136499944
30199.5172040234	-69.8726438326	-262.2494997636
30338.911841946	-69.9926726475	-262.2851837871
30478.9498962831	-70.1127012008	-262.3207028407
30619.6343369101	-70.2327294947	-262.3560576965
30760.9681474104	-70.3527575317	-262.3912491226
30902.9543251393	-70.472785314	-262.4262778838
31045.5958812869	-70.592812844	-262.4611447408
31188.8958409427	-70.7128401239	-262.495850451
31332.8572431593	-70.8328671559	-262.5303957676
31477.4831410166	-70.9528939423	-262.5647814408
31622.7766016872	-71.0729204853	-262.5990082167
31768.7407065012	-71.1929467871	-262.6330768379
31915.3785510111	-71.3129728498	-262.6669880436
32062.6932450581	-71.4329986756	-262.7007425691
32210.6879128379	-71.5530242667	-262.7343411465
32359.3656929663	-71.6730496251	-262.7677845042
32508.729738547	-71.793074753	-262.8010733671
32658.7832172371	-71.9130996524	-262.8342084565
32809.5293113155	-72.0331243254	-262.8671904904
32960.9712177494	-72.153148774	-262.9000201833
33113.1121482627	-72.2731730002	-262.9326982462
33265.9553294041	-72.3931970061	-262.9652253868
33419.5040026151	-72.5132207936	-262.9976023091
33573.7614242991	-72.6332443648	-263.0298297142
33728.7308658906	-72.7532677214	-263.0619082993
33884.415613924	-72.8732908656	-263.0938387587
34040.8189701038	-72.9933137992	-263.125621783
34197.9442513746	-73.1133365241	-263.1572580599
34355.7947899912	-73.2333590422	-263.1887482733
34514.3739335894	-73.3533813554	-263.2200931042
34673.685045257	-73.4734034655	-263.2512932303
34833.731503605	-73.5934253743	-263.2823493258
34994.5167028396	-73.7134470837	-263.313262062
35156.0440528337	-73.8334685954	-263.3440321067
35318.3169791996	-73.9534899113	-263.3746601247
35481.3389233615	-74.0735110332	-263.4051467775
35645.1133426284	-74.1935319627	-263.4354927235
35809.6437102676	-74.3135527016	-263.465698618
35974.9335155782	-74.4335732516	-263.495765113
36140.9862639653	-74.5535936145	-263.5256928575
36307.8054770141	-74.6736137919	-263.5554824974
36475.3946925648	-74.7936337855	-263.5851346756
36643.7574647874	-74.9136535971	-263.6146500317
36812.8973642572	-75.0336732281	-263.6440292025
36982.8179780307	-75.1536926803	-263.6732728215
37153.5229097214	-75.2737119552	-263.7023815195
37325.0157795762	-75.3937310546	-263.731355924
37497.3002245525	-75.5137499799	-263.7601966597
37670.3798983951	-75.6337687327	-263.7889043481
37844.2584717135	-75.7537873147	-263.8174796081
38018.9396320603	-75.8738057273	-263.8459230553
38194.4270840089	-75.9938239721	-263.8742353026
38370.7245492322	-76.1138420506	-263.9024169599
38547.8357665815	-76.2338599643	-263.9304686342
38725.764492166	-76.3538777147	-263.9583909295
38904.5144994324	-76.4738953033	-263.9861844473
39084.0895792446	-76.5939127315	-264.0138497857
39264.4935399644	-76.7139300009	-264.0413875404
39445.7302075323	-76.8339471128	-264.0687983041
39627.8034255484	-76.9539640686	-264.0960826667
39810.7170553542	-77.0739808699	-264.1232412153
39994.4749761142	-77.1939975179	-264.1502745343
40179.0810848985	-77.3140140141	-264.1771832051
40364.539296765	-77.4340303599	-264.2039678066
40550.8535448429	-77.5540465566	-264.2306289148
40738.0277804158	-77.6740626055	-264.2571671031
40926.0659730057	-77.7940785081	-264.283582942
41114.9721104568	-77.9140942656	-264.3098769994
41304.7501990208	-78.0341098793	-264.3360498406
41495.404263441	-78.1541253506	-264.362102028
41686.9383470382	-78.2741406808	-264.3880341216
41879.3565117965	-78.3941558711	-264.4138466786
42072.6628384491	-78.5141709228	-264.4395402536
42266.8614265651	-78.6341858372	-264.4651153985
42461.9563946361	-78.7542006154	-264.4905726628
42657.9518801641	-78.8742152588	-264.5159125931
42854.8520397488	-78.9942297686	-264.5411357336
43052.6610491759	-79.114244146	-264.566242626
43251.3831035058	-79.2342583921	-264.5912338092
43451.0224171621	-79.3542725082	-264.6161098199
43651.5832240215	-79.4742864955	-264.6408711919
43853.0697775035	-79.5943003551	-264.6655184568
44055.4863506603	-79.7143140882	-264.6900521435
44258.8372362677	-79.8343276959	-264.7144727784
44463.1267469159	-79.9543411794	-264.7387808854
44668.3592151014	-80.0743545398	-264.7629769862
44874.5389933183	-80.1943677782	-264.7870615997
45081.6704541511	-80.3143808958	-264.8110352426
45289.7579903672	-80.4343938935	-264.8348984289
45498.80601501	-80.5544067727	-264.8586516705
45708.8189614927	-80.6744195342	-264.8822954766
45919.8012836921	-80.7944321791	-264.9058303542
46131.7574560432	-80.9144447086	-264.9292568078
46344.6919736341	-81.0344571237	-264.9525753397
46558.6093523012	-81.1544694254	-264.9757864495
46773.5141287252	-81.2744816148	-264.9988906349
46989.4108605269	-81.3944936928	-265.0218883908
47206.3041263644	-81.5145056605	-265.0447802101
47424.1985260299	-81.6345175189	-265.0675665833
47643.098680547	-81.754529269	-265.0902479985
47863.0092322693	-81.8745409117	-265.1128249416
48083.9348449784	-81.9945524481	-265.1352978962
48305.8802039828	-82.1145638792	-265.1576673436
48528.8500162177	-82.2345752057	-265.1799337629
48752.8490103442	-82.3545864288	-265.2020976309
48977.8819368502	-82.4745975494	-265.2241594221
49203.9535681507	-82.5946085684	-265.2461196089
49431.0686986892	-82.7146194867	-265.2679786615
49659.2321450393	-82.8346303052	-265.2897370477
49888.448746007	-82.9546410249	-265.3113952333
50118.723362733	-83.0746516466	-265.3329536818
50350.0608787963	-83.1946621713	-265.3544128547
50582.4662003172	-83.3146725997	-265.375773211
50815.9442560619	-83.4346829329	-265.397035208
51050.4999975465	-83.5546931717	-265.4181993004
51286.1383991424	-83.6747033169	-265.439265941
51522.8644581816	-83.7947133693	-265.4602355806
51760.6831950628	-83.9147233299	-265.4811086677
51999.5996533576	-84.0347331995	-265.5018856487
52239.618899918	-84.1547429788	-265.522566968
52480.7460249833	-84.2747526688	-265.5431530678
52722.9861422884	-84.3947622702	-265.5636443885
52966.3443891719	-84.5147717838	-265.5840413681
53210.8259266856	-84.6347812104	-265.6043444427
53456.4359397034	-84.7547905509	-265.6245540463
53703.1796370315	-84.874799806	-265.6446706111
53951.062251519	-84.9948089765	-265.6646945671
54200.0890401687	-85.1148180631	-265.6846263421
54450.2652842485	-85.2348270667	-265.7044663623
54701.5962894035	-85.354835988	-265.7242150517
54954.0873857689	-85.4748448277	-265.7438728321
55207.7439280822	-85.5948535865	-265.7634401238
55462.5712957975	-85.7148622653	-265.7829173448
55718.5748931995	-85.8348708647	-265.8023049112
55975.7601495176	-85.9548793855	-265.8216032373
56234.1325190415	-86.0748878284	-265.8408127352
56493.6974812369	-86.1948961941	-265.8599338153
56754.4605408614	-86.3149044833	-265.8789668861
57016.4272280814	-86.4349126967	-265.8979123541
57279.6030985896	-86.5549208349	-265.9167706238
57543.9937337224	-86.6749288988	-265.935542098
57809.6047405786	-86.7949368889	-265.9542271776
58076.441752138	-86.9149448059	-265.9728262614
58344.5104273813	-87.0349526505	-265.9913397467
58613.8164514097	-87.1549604233	-266.0097680287
58884.3655355658	-87.2749681251	-266.0281115008
59156.1634175543	-87.3949757564	-266.0463705546
59429.2158615642	-87.514983318	-266.0645455799
59703.5286583907	-87.6349908103	-266.0826369646
59979.107625558	-87.7549982342	-266.1006450948
60255.9586074429	-87.8750055901	-266.118570355
60534.0874753985	-87.9950128787	-266.1364131275
60813.5001278789	-88.1150201007	-266.1541737932
61094.2024905644	-88.2350272566	-266.1718527311
61376.2005164867	-88.355034347	-266.1894503184
61659.5001861555	-88.4750413726	-266.2069669306
61944.1075076854	-88.5950483339	-266.2244029414
62230.0285169233	-88.7150552315	-266.2417587227
62517.269277576	-88.835062066	-266.2590346448
62805.8358813392	-88.955068838	-266.2762310763
63095.7344480268	-89.075075548	-266.2933483839
63386.9711257002	-89.1950821966	-266.3103869328
63679.5520907991	-89.3150887844	-266.3273470863
63973.4835482724	-89.435095312	-266.3442292061
64268.7717317096	-89.5551017798	-266.3610336523
64565.4229034732	-89.6751081884	-266.3777607833
64863.4433548315	-89.7951145384	-266.3944109557
65162.839406092	-89.9151208302	-266.4109845246
65463.6174067352	-90.0351270645	-266.4274818432
65765.7837355498	-90.1551332418	-266.4439032635
66069.3448007674	-90.2751393625	-266.4602491354
66374.3070401988	-90.3951454272	-266.4765198074
66680.6769213701	-90.5151514364	-266.4927156264
66988.4609416606	-90.6351573907	-266.5088369377
67297.6656284398	-90.7551632904	-266.5248840847
67608.2975392062	-90.8751691361	-266.5408574097
67920.3632617265	-90.9951749284	-266.556757253
68233.8694141751	-91.1151806676	-266.5725839536
68548.8226452743	-91.2351863543	-266.5883378486
68865.2296344358	-91.355191989	-266.6040192739
69183.0970919019	-91.4751975721	-266.6196285635
69502.431758888	-91.5952031041	-266.6351660502
69823.2404077255	-91.7152085854	-266.6506320649
70145.5298420055	-91.8352140166	-266.6660269373
70469.3068967231	-91.9552193981	-266.6813509952
70794.5784384223	-92.0752247303	-266.6966045653
71121.3513653414	-92.1952300137	-266.7117879724
71449.6326075599	-92.3152352488	-266.7269015401
71779.4291271448	-92.4352404359	-266.7419455902
72110.7479182986	-92.5552455755	-266.7569204433
72443.5960075077	-92.6752506682	-266.7718264182
72777.9804536911	-92.7952557141	-266.7866638326
73113.9083483505	-92.9152607139	-266.8014330024
73451.3868157203	-93.035265668	-266.8161342423
73790.4230129189	-93.1552705766	-266.8307678651
74131.0241301006	-93.2752754404	-266.8453341828
74473.1973906078	-93.3952802596	-266.8598335053
74816.9500511244	-93.5152850347	-266.8742661415
75162.2894018296	-93.6352897661	-266.8886323988
75509.2227665525	-93.7552944542	-266.902932583
75857.7575029275	-93.8752990993	-266.9171669986
76207.9010025504	-93.9953037019	-266.9313359487
76559.6606911349	-94.1153082624	-266.9454397349
76913.0440286703	-94.2353127811	-266.9594786576
77268.0585095796	-94.3553172585	-266.9734530155
77624.7116628786	-94.4753216949	-266.9873631063
77983.0110523353	-94.5953260906	-267.001209226
78342.9642766307	-94.7153304461	-267.0149916694
78704.5789695194	-94.8353347617	-267.0287107298
79067.8627999921	-94.9553390378	-267.0423666993
79432.8234724378	-95.0753432748	-267.0559598686
79799.4687268073	-95.1953474729	-267.0694905268
80167.8063387776	-95.3153516327	-267.0829589622
80537.8441199164	-95.4353557543	-267.0963654612
80909.5899178481	-95.5553598382	-267.1097103092
81283.0516164198	-95.6753638847	-267.1229937902
81658.2371358692	-95.7953678941	-267.1362161869
82035.1544329918	-95.9153718669	-267.1493777807
82413.8115013103	-96.0353758032	-267.1624788516
82794.2163712435	-96.1553797035	-267.1755196784
83176.3771102772	-96.2753835681	-267.1885005386
83560.301823135	-96.3953873973	-267.2014217084
83945.99865195	-96.5153911914	-267.2142834627
84333.4757764378	-96.6353949508	-267.2270860752
84722.74141407	-96.7553986758	-267.2398298182
85113.8038202481	-96.8754023666	-267.2525149629
85506.6712884788	-96.9954060237	-267.2651417792
85901.3521505501	-97.1154096472	-267.2777105356
86297.8547767076	-97.2354132376	-267.2902214995
86696.1875758323	-97.3554167951	-267.3026749372
87096.3589956187	-97.47542032	-267.3150711134
87498.3775227543	-97.5954238126	-267.3274102919
87902.2516830992	-97.7154272733	-267.3396927351
88307.9900418671	-97.8354307022	-267.3519187044
88715.601203807	-97.9554340998	-267.3640884596
89125.0938133855	-98.0754374662	-267.3762022598
89536.4765549704	-98.1954408018	-267.3882603624
89949.7581530146	-98.3154441068	-267.400263024
90364.9473722413	-98.4354473816	-267.4122104999
90782.0530178297	-98.5554506264	-267.424103044
91201.0839356022	-98.6754538414	-267.4359409094
91622.0490122113	-98.795457027	-267.4477243477
92044.9571753285	-98.9154601835	-267.4594536096
92469.8173938337	-99.035463311	-267.4711289445
92896.6386780051	-99.1554664099	-267.4827506005
93325.4300797106	-99.2754694804	-267.4943188249
93756.2006925996	-99.3954725227	-267.5058338637
94188.9596522958	-99.5154755372	-267.5172959616
94623.716136591	-99.6354785241	-267.5287053624
95060.4793656399	-99.7554814837	-267.5400623086
95499.2586021554	-99.8754844161	-267.5513670417
95940.0631516052	-99.9954873216	-267.5626198022
96382.902362409	-100.1154902006	-267.5738208291
96827.7856261369	-100.2354930532	-267.5849703606
97274.7223777086	-100.3554958796	-267.5960686338
97723.7220955932	-100.4754986802	-267.6071158846
98174.7943020106	-100.5955014551	-267.6181123478
98627.9485631333	-100.7155042045	-267.6290582572
99083.1944892891	-100.8355069288	-267.6399538455
99540.5417351651	-100.9555096282	-267.6507993443
100000	-101.0755123028	-267.6615949841
