10	-149.9176298253	-90.3833830945
10.0461579028	-149.7976297726	-90.3849373627
10.0925288608	-149.6776297193	-90.3864997948
10.1391138574	-149.5576296653	-90.3880704237
10.1859138805	-149.4376296108	-90.3896492827
10.2329299228	-149.3176295556	-90.3912364055
10.2801629813	-149.1976294998	-90.3928318256
10.3276140576	-149.0776294434	-90.3944355769
10.3752841582	-148.9576293863	-90.3960476934
10.4231742939	-148.8376293286	-90.3976682093
10.4712854805	-148.7176292703	-90.3992971589
10.5196187382	-148.5976292113	-90.4009345769
10.5681750921	-148.4776291516	-90.4025804979
10.616955572	-148.3576290913	-90.4042349568
10.6659612123	-148.2376290303	-90.4058979887
10.7151930524	-148.1176289686	-90.4075696289
10.7646521363	-147.9976289063	-90.4092499129
10.814339513	-147.8776288433	-90.4109388763
10.8642562362	-147.7576287796	-90.4126365549
10.9144033645	-147.6376287152	-90.4143429847
10.9647819614	-147.5176286501	-90.4160582019
11.0153930954	-147.3976285842	-90.4177822429
11.0662378398	-147.2776285177	-90.4195151443
11.1173172728	-147.1576284505	-90.4212569428
11.1686324778	-147.0376283825	-90.4230076753
11.220184543	-146.9176283138	-90.424767379
11.2719745618	-146.7976282444	-90.4265360912
11.3240036324	-146.6776281742	-90.4283138494
11.3762728582	-146.5576281033	-90.4301006913
11.4287833479	-146.4376280317	-90.4318966549
11.481536215	-146.3176279593	-90.4337017782
11.5345325782	-146.1976278861	-90.4355160994
11.5877735616	-146.0776278121	-90.4373396572
11.6412602941	-145.9576277374	-90.43917249
11.6949939102	-145.8376276619	-90.4410146369
11.7489755494	-145.7176275856	-90.4428661369
11.8032063565	-145.5976275085	-90.4447270293
11.8576874817	-145.4776274306	-90.4465973535
11.9124200803	-145.3576273519	-90.4484771492
11.9674053131	-145.2376272724	-90.4503664562
12.0226443462	-145.1176271921	-90.4522653147
12.0781383511	-144.9976271109	-90.4541737649
12.1338885046	-144.8776270289	-90.4560918473
12.1898959892	-144.7576269461	-90.4580196026
12.2461619927	-144.6376268624	-90.4599570716
12.3026877081	-144.5176267778	-90.4619042955
12.3594743344	-144.3976266924	-90.4638613155
12.4165230759	-144.2776266061	-90.4658281732
12.4738351424	-144.1576265189	-90.4678049103
12.5314117494	-144.0376264309	-90.4697915686
12.5892541179	-143.917626342	-90.4717881904
12.6473634747	-143.7976262521	-90.473794818
12.7057410521	-143.6776261614	-90.4758114939
12.7643880881	-143.5576260697	-90.4778382609
12.8233058266	-143.4376259771	-90.4798751621
12.8824955169	-143.3176258836	-90.4819222405
12.9419584145	-143.1976257891	-90.4839795397
13.0016957803	-143.0776256937	-90.4860471032
13.0617088813	-142.9576255973	-90.4881249749
13.1219989902	-142.8376255	-90.4902131989
13.1825673856	-142.7176254017	-90.4923118194
13.2434153519	-142.5976253024	-90.4944208811
13.3045441798	-142.4776252022	-90.4965404285
13.3659551655	-142.3576251009	-90.4986705068
13.4276496114	-142.2376249986	-90.5008111609
13.4896288259	-142.1176248953	-90.5029624364
13.5518941235	-141.997624791	-90.5051243789
13.6144468247	-141.8776246857	-90.5072970343
13.677288256	-141.7576245793	-90.5094804485
13.7404197501	-141.6376244718	-90.5116746679
13.803842646	-141.5176243633	-90.5138797392
13.8675582887	-141.3976242538	-90.5160957089
13.9315680295	-141.2776241431	-90.5183226242
13.9958732257	-141.1576240314	-90.5205605322
14.0604752413	-141.0376239186	-90.5228094805
14.1253754462	-140.9176238046	-90.5250695167
14.1905752169	-140.7976236896	-90.5273406888
14.256075936	-140.6776235734	-90.5296230449
14.3218789927	-140.5576234561	-90.5319166335
14.3879857826	-140.4376233377	-90.5342215031
14.4543977075	-140.317623218	-90.5365377027
14.5211161759	-140.1976230973	-90.5388652814
14.5881426028	-140.0776229753	-90.5412042887
14.6554784096	-139.9576228522	-90.5435547739
14.7231250243	-139.8376227278	-90.5459167872
14.7910838817	-139.7176226023	-90.5482903784
14.8593564229	-139.5976224755	-90.5506755981
14.9279440958	-139.4776223475	-90.5530724967
14.996848355	-139.3576222183	-90.5554811251
15.0660706619	-139.2376220878	-90.5579015344
15.1356124844	-139.1176219561	-90.560333776
15.2054752973	-138.9976218231	-90.5627779014
15.2756605824	-138.8776216888	-90.5652339625
15.346169828	-138.7576215532	-90.5677020113
15.4170045295	-138.6376214163	-90.5701821002
15.4881661891	-138.5176212781	-90.5726742818
15.5596563161	-138.3976211385	-90.575178609
15.6314764264	-138.2776209976	-90.5776951349
15.7036280433	-138.1576208554	-90.5802239129
15.776112697	-138.0376207118	-90.5827649965
15.8489319246	-137.9176205668	-90.5853184398
15.9220872705	-137.7976204204	-90.5878842968
15.9955802861	-137.6776202726	-90.5904626221
16.0694125301	-137.5576201234	-90.5930534701
16.1435855683	-137.4376199728	-90.595656896
16.2181009736	-137.3176198207	-90.598272955
16.2929603264	-137.1976196672	-90.6009017025
16.3681652143	-137.0776195122	-90.6035431943
16.4437172321	-136.9576193557	-90.6061974864
16.5196179823	-136.8376191978	-90.6088646351
16.5958690744	-136.7176190383	-90.611544697
16.6724721255	-136.5976188773	-90.6142377289
16.7494287603	-136.4776187148	-90.6169437881
16.8267406107	-136.3576185507	-90.6196629317
16.9044093164	-136.2376183851	-90.6223952176
16.9824365246	-136.1176182179	-90.6251407037
17.06082389	-135.9976180491	-90.6278994482
17.1395730751	-135.8776178787	-90.6306715097
17.2186857499	-135.7576177067	-90.6334569469
17.2981635922	-135.637617533	-90.6362558189
17.3780082875	-135.5176173577	-90.639068185
17.4582215292	-135.3976171808	-90.6418941051
17.5388050184	-135.2776170021	-90.6447336389
17.6197604641	-135.1576168218	-90.6475868467
17.7010895832	-135.0376166397	-90.650453789
17.7827941004	-134.917616456	-90.6533345267
17.8648757485	-134.7976162705	-90.6562291208
17.9473362683	-134.6776160832	-90.6591376328
18.0301774086	-134.5576158942	-90.6620601243
18.1134009262	-134.4376157034	-90.6649966574
18.1970085861	-134.3176155107	-90.6679472942
18.2810021614	-134.1976153163	-90.6709120975
18.3653834335	-134.07761512	-90.67389113
18.4501541918	-133.9576149219	-90.6768844551
18.5353162341	-133.8376147219	-90.6798921361
18.6208713666	-133.71761452	-90.6829142368
18.7068214037	-133.5976143162	-90.6859508215
18.793168168	-133.4776141105	-90.6890019544
18.879913491	-133.3576139029	-90.6920677003
18.9670592121	-133.2376136933	-90.6951481243
19.0546071796	-133.1176134817	-90.6982432917
19.1425592502	-132.9976132681	-90.701353268
19.2309172891	-132.8776130525	-90.7044781194
19.3196831702	-132.7576128349	-90.7076179121
19.4088587759	-132.6376126153	-90.7107727126
19.4984459976	-132.5176123936	-90.713942588
19.5884467351	-132.3976121698	-90.7171276054
19.6788628971	-132.2776119439	-90.7203278323
19.7696964011	-132.1576117159	-90.7235433368
19.8609491736	-132.0376114857	-90.726774187
19.9526231497	-131.9176112534	-90.7300204514
20.0447202737	-131.7976110189	-90.7332821989
20.1372424986	-131.6776107821	-90.7365594987
20.2301917868	-131.5576105432	-90.7398524203
20.3235701094	-131.437610302	-90.7431610335
20.4173794467	-131.3176100586	-90.7464854085
20.5116217883	-131.1976098129	-90.7498256159
20.6062991327	-131.0776095649	-90.7531817265
20.7014134879	-130.9576093146	-90.7565538115
20.796966871	-130.8376090619	-90.7599419425
20.8929613085	-130.7176088068	-90.7633461912
20.9893988362	-130.5976085494	-90.7667666299
21.0862814993	-130.4776082895	-90.7702033312
21.1836113525	-130.3576080273	-90.773656368
21.2813904598	-130.2376077625	-90.7771258134
21.379620895	-130.1176074953	-90.7806117412
21.4783047413	-129.9976072256	-90.7841142253
21.5774440915	-129.8776069534	-90.7876333399
21.6770410482	-129.7576066786	-90.7911691597
21.7770977235	-129.6376064013	-90.7947217598
21.8776162395	-129.5176061213	-90.7982912154
21.9785987278	-129.3976058388	-90.8018776023
22.0800473302	-129.2776055536	-90.8054809966
22.181964198	-129.1576052657	-90.8091014747
22.2843514927	-129.0376049752	-90.8127391134
22.3872113857	-128.9176046819	-90.8163939899
22.4905460584	-128.7976043859	-90.8200661817
22.5943577022	-128.6776040872	-90.8237557667
22.6986485188	-128.5576037856	-90.8274628232
22.80342072	-128.4376034813	-90.8311874299
22.9086765277	-128.3176031741	-90.8349296656
23.0144181741	-128.197602864	-90.8386896099
23.1206479018	-128.0776025511	-90.8424673425
23.2273679636	-127.9576022352	-90.8462629435
23.3345806228	-127.8376019164	-90.8500764935
23.4422881532	-127.7176015946	-90.8539080733
23.550492839	-127.5976012698	-90.8577577642
23.6591969749	-127.477600942	-90.8616256479
23.7684028662	-127.3576006111	-90.8655118064
23.8781128291	-127.2376002771	-90.8694163223
23.9883291902	-127.1175999401	-90.8733392783
24.0990542869	-126.9975995999	-90.8772807576
24.2102904674	-126.8775992565	-90.8812408438
24.3220400907	-126.7575989099	-90.8852196211
24.4343055269	-126.6375985601	-90.8892171737
24.5470891569	-126.5175982071	-90.8932335865
24.6603933723	-126.3975978507	-90.8972689447
24.7742205763	-126.2775974911	-90.9013233338
24.8885731828	-126.157597128	-90.90539684
25.003453617	-126.0375967617	-90.9094895497
25.1188643151	-125.9175963919	-90.9136015495
25.2348077248	-125.7975960186	-90.9177329269
25.351286305	-125.6775956419	-90.9218837694
25.4683025259	-125.5575952617	-90.9260541651
25.5858588691	-125.437594878	-90.9302442025
25.7039578277	-125.3175944906	-90.9344539704
25.8226019063	-125.1975940997	-90.9386835582
25.9417936212	-125.0775937052	-90.9429330556
26.0615355	-124.9575933069	-90.9472025528
26.1818300822	-124.837592905	-90.9514921403
26.302679919	-124.7175924993	-90.9558019091
26.4240875732	-124.5975920899	-90.9601319508
26.5460556198	-124.4775916767	-90.9644823571
26.6685866452	-124.3575912596	-90.9688532203
26.7916832482	-124.2375908386	-90.9732446332
26.9153480393	-124.1175904138	-90.9776566889
27.0395836411	-123.9975899849	-90.9820894811
27.1643926884	-123.8775895521	-90.9865431038
27.2897778281	-123.7575891153	-90.9910176515
27.4157417193	-123.6375886744	-90.995513219
27.5422870334	-123.5175882295	-91.0000299019
27.6694164541	-123.3975877804	-91.0045677959
27.7971326776	-123.2775873271	-91.0091269973
27.9254384124	-123.1575868696	-91.0137076028
28.0543363795	-123.0375864079	-91.0183097096
28.1838293126	-122.9175859419	-91.0229334153
28.313919958	-122.7975854715	-91.0275788182
28.4446110745	-122.6775849968	-91.0322460166
28.5759054337	-122.5575845177	-91.0369351097
28.7078058202	-122.4375840341	-91.0416461969
28.8403150313	-122.317583546	-91.0463793782
28.973435877	-122.1975830535	-91.051134754
29.1071711807	-122.0775825563	-91.0559124251
29.2415237784	-121.9575820545	-91.0607124931
29.3764965196	-121.8375815481	-91.0655350597
29.5120922667	-121.717581037	-91.0703802272
29.6483138952	-121.5975805211	-91.0752480984
29.7851642943	-121.4775800004	-91.0801387767
29.9226463661	-121.3575794749	-91.0850523658
30.0607630263	-121.2375789446	-91.0899889699
30.199517204	-121.1175784093	-91.0949486938
30.3389118419	-120.9975778691	-91.0999316428
30.4789498963	-120.8775773238	-91.1049379225
30.6196343369	-120.7575767735	-91.1099676392
30.7609681474	-120.6375762181	-91.1150208996
30.9029543251	-120.5175756575	-91.1200978109
31.0455958813	-120.3975750917	-91.1251984809
31.1888958409	-120.2775745207	-91.1303230177
31.3328572432	-120.1575739444	-91.1354715302
31.477483141	-120.0375733627	-91.1406441276
31.6227766017	-119.9175727757	-91.1458409195
31.7687407065	-119.7975721832	-91.1510620164
31.915378551	-119.6775715852	-91.1563075289
32.0626932451	-119.5575709817	-91.1615775684
32.2106879128	-119.4375703725	-91.1668722468
32.359365693	-119.3175697578	-91.1721916763
32.5087297385	-119.1975691373	-91.1775359698
32.6587832172	-119.0775685111	-91.1829052408
32.8095293113	-118.9575678791	-91.1882996032
32.9609712177	-118.8375672412	-91.1937191714
33.1131121483	-118.7175665974	-91.1991640604
33.2659553294	-118.5975659476	-91.2046343858
33.4195040026	-118.4775652918	-91.2101302638
33.5737614243	-118.35756463	-91.2156518108
33.7287308659	-118.237563962	-91.221199144
33.8844156139	-118.1175632878	-91.2267723813
34.0408189701	-117.9975626074	-91.2323716408
34.1979442514	-117.8775619206	-91.2379970414
34.35579479	-117.7575612275	-91.2436487024
34.5143739336	-117.637560528	-91.2493267439
34.6736850453	-117.517559822	-91.2550312862
34.8337315036	-117.3975591094	-91.2607624504
34.9945167028	-117.2775583903	-91.2665203582
35.1560440528	-117.1575576645	-91.2723051317
35.3183169792	-117.037556932	-91.2781168938
35.4813389234	-116.9175561926	-91.2839557677
35.6451133426	-116.7975554465	-91.2898218774
35.8096437103	-116.6775546934	-91.2957153473
35.9749335156	-116.5575539333	-91.3016363026
36.140986264	-116.4375531662	-91.3075848688
36.307805477	-116.317552392	-91.3135611723
36.4753946926	-116.1975516107	-91.3195653398
36.6437574648	-116.0775508221	-91.3255974989
36.8128973643	-115.9575500262	-91.3316577774
36.982817978	-115.8375492229	-91.3377463041
37.1535229097	-115.7175484121	-91.3438632081
37.3250157796	-115.5975475939	-91.3500086192
37.4973002245	-115.4775467681	-91.356182668
37.6703798984	-115.3575459347	-91.3623854853
37.8442584717	-115.2375450935	-91.368617203
38.0189396321	-115.1175442445	-91.3748779532
38.194427084	-114.9975433877	-91.3811678688
38.3707245492	-114.8775425229	-91.3874870833
38.5478357666	-114.7575416502	-91.3938357309
38.7257644922	-114.6375407693	-91.4002139462
38.9045144994	-114.5175398803	-91.4066218647
39.0840895792	-114.3975389831	-91.4130596223
39.26449354	-114.2775380776	-91.4195273558
39.4457302075	-114.1575371636	-91.4260252024
39.6278034255	-114.0375362413	-91.4325532999
39.8107170554	-113.9175353103	-91.439111787
39.9944749761	-113.7975343708	-91.4457008029
40.1790810849	-113.6775334225	-91.4523204874
40.3645392968	-113.5575324655	-91.4589709811
40.5508535448	-113.4375314997	-91.4656524251
40.7380277804	-113.3175305248	-91.4723649612
40.926065973	-113.197529541	-91.4791087319
41.1149721105	-113.077528548	-91.4858838804
41.304750199	-112.9575275459	-91.4926905504
41.4954042634	-112.8375265345	-91.4995288866
41.686938347	-112.7175255137	-91.5063990339
41.8793565118	-112.5975244835	-91.5133011383
42.0726628384	-112.4775234437	-91.5202353463
42.2668614266	-112.3575223943	-91.527201805
42.4619563946	-112.2375213352	-91.5342006624
42.6579518802	-112.1175202663	-91.541232067
42.8548520397	-111.9975191875	-91.5482961681
43.0526610492	-111.8775180987	-91.5553931157
43.2513831035	-111.7575169999	-91.5625230603
43.4510224172	-111.6375158909	-91.5696861535
43.651583224	-111.5175147716	-91.5768825471
43.8530697775	-111.3975136419	-91.5841123941
44.0554863507	-111.2775125018	-91.5913758479
44.2588372363	-111.1575113512	-91.5986730627
44.4631267469	-111.0375101899	-91.6060041934
44.6683592151	-110.9175090178	-91.6133693957
44.8745389933	-110.7975078349	-91.6207688259
45.0816704541	-110.6775066411	-91.6282026411
45.2897579904	-110.5575054362	-91.6356709991
45.498806015	-110.4375042202	-91.6431740586
45.7088189615	-110.3175029929	-91.6507119787
45.9198012837	-110.1975017542	-91.6582849197
46.131757456	-110.0775005041	-91.6658930421
46.3446919736	-109.9574992424	-91.6735365076
46.5586093523	-109.8374979691	-91.6812154785
46.7735141287	-109.717496684	-91.6889301177
46.9894108605	-109.5974953869	-91.6966805891
47.2063041264	-109.4774940779	-91.7044670573
47.424198526	-109.3574927568	-91.7122896876
47.6430986805	-109.2374914234	-91.7201486461
47.8630092323	-109.1174900777	-91.7280440997
48.083934845	-108.9974887196	-91.7359762159
48.305880204	-108.8774873489	-91.7439451633
48.5288500162	-108.7574859655	-91.7519511111
48.7528490103	-108.6374845693	-91.7599942292
48.9778819368	-108.5174831602	-91.7680746884
49.2039535681	-108.3974817381	-91.7761926604
49.4310686987	-108.2774803028	-91.7843483175
49.659232145	-108.1574788542	-91.7925418329
49.888448746	-108.0374773922	-91.8007733807
50.1187233627	-107.9174759167	-91.8090431355
50.3500608788	-107.7974744276	-91.8173512731
50.5824662003	-107.6774729246	-91.8256979698
50.8159442561	-107.5574714078	-91.834083403
51.0504999975	-107.4374698769	-91.8425077507
51.2861383991	-107.3174683319	-91.8509711918
51.5228644582	-107.1974667726	-91.859473906
51.7606831951	-107.0774651989	-91.868016074
51.9995996534	-106.9574636106	-91.8765978771
52.2396188999	-106.8374620076	-91.8852194977
52.480746025	-106.7174603898	-91.8938811187
52.7229861423	-106.597458757	-91.9025829243
52.9663443892	-106.4774571091	-91.9113250992
53.2108259267	-106.357455446	-91.9201078291
53.4564359397	-106.2374537675	-91.9289313005
53.703179637	-106.1174520735	-91.9377957009
53.9510622515	-105.9974503638	-91.9467012185
54.2000890402	-105.8774486383	-91.9556480425
54.4502652842	-105.7574468968	-91.9646363629
54.7015962894	-105.6374451392	-91.9736663707
54.9540873858	-105.5174433654	-91.9827382576
55.2077439281	-105.3974415751	-91.9918522164
55.4625712958	-105.2774397683	-92.0010084407
55.7185748932	-105.1574379448	-92.010207125
55.9757601495	-105.0374361045	-92.0194484647
56.234132519	-104.9174342471	-92.028732656
56.4936974812	-104.7974323725	-92.0380598963
56.7544605409	-104.6774304806	-92.0474303837
57.0164272281	-104.5574285712	-92.0568443172
57.2796030986	-104.4374266442	-92.0663018969
57.5439937337	-104.3174246993	-92.0758033236
57.8096047406	-104.1974227364	-92.0853487992
58.0764417521	-104.0774207554	-92.0949385266
58.3445104274	-103.9574187561	-92.1045727094
58.6138164514	-103.8374167382	-92.1142515524
58.8843655356	-103.7174147018	-92.1239752612
59.1561634175	-103.5974126464	-92.1337440424
59.4292158616	-103.4774105721	-92.1435581036
59.7035286584	-103.3574084786	-92.1534176533
59.9791076256	-103.2374063658	-92.163322901
60.2559586074	-103.1174042334	-92.1732740571
60.5340874754	-102.9974020813	-92.1832713331
60.8135001279	-102.8773999092	-92.1933149415
61.0942024906	-102.7573977171	-92.2034050956
61.3762005165	-102.6373955048	-92.21354201
61.6595001861	-102.517393272	-92.2237258999
61.9441075077	-102.3973910185	-92.2339569819
62.2300285169	-102.2773887442	-92.2442354733
62.5172692776	-102.1573864489	-92.2545615926
62.8058358813	-102.0373841323	-92.2649355592
63.095734448	-101.9173817943	-92.2753575936
63.3869711257	-101.7973794348	-92.2858279173
63.6795520908	-101.6773770534	-92.2963467529
63.9734835483	-101.5573746499	-92.3069143238
64.2687717317	-101.4373722243	-92.3175308547
64.5654229035	-101.3173697762	-92.3281965713
64.8634433548	-101.1973673055	-92.3389117002
65.1628394061	-101.077364812	-92.3496764693
65.4636174067	-100.9573622954	-92.3604911072
65.7657837355	-100.8373597556	-92.3713558439
66.0693448008	-100.7173571922	-92.3822709104
66.3743070402	-100.5973546052	-92.3932365387
66.6806769214	-100.4773519942	-92.4042529618
66.9884609417	-100.3573493592	-92.415320414
67.2976656284	-100.2373466997	-92.4264391306
67.6082975392	-100.1173440157	-92.4376093478
67.9203632617	-99.9973413068	-92.4488313033
68.2338694142	-99.877338573	-92.4601052355
68.5488226453	-99.7573358138	-92.4714313842
68.8652296344	-99.6373330292	-92.4828099902
69.1830970919	-99.5173302188	-92.4942412953
69.5024317589	-99.3973273824	-92.5057255427
69.8232404077	-99.2773245198	-92.5172629765
70.145529842	-99.1573216308	-92.5288538421
70.4693068967	-99.037318715	-92.5404983859
70.7945784384	-98.9173157723	-92.5521968556
71.1213513653	-98.7973128024	-92.5639494998
71.4496326076	-98.677309805	-92.5757565685
71.7794291271	-98.55730678	-92.5876183128
72.1107479183	-98.437303727	-92.599534985
72.4435960075	-98.3173006457	-92.6115068385
72.7779804537	-98.197297536	-92.6235341278
73.1139083483	-98.0772943976	-92.6356171088
73.4513868157	-97.9572912301	-92.6477560385
73.7904230129	-97.8372880334	-92.6599511751
74.1310241301	-97.7172848071	-92.6722027779
74.4731973906	-97.597281551	-92.6845111075
74.8169500511	-97.4772782649	-92.6968764258
75.1622894018	-97.3572749483	-92.7092989957
75.5092227665	-97.2372716011	-92.7217790815
75.8577575029	-97.117268223	-92.7343169488
76.2079010025	-96.9972648136	-92.7469128641
76.5596606911	-96.8772613728	-92.7595670955
76.9130440287	-96.7572579001	-92.7722799123
77.2680585096	-96.6372543954	-92.7850515847
77.6247116629	-96.5172508583	-92.7978823846
77.9830110523	-96.3972472885	-92.810772585
78.3429642766	-96.2772436857	-92.8237224602
78.7045789695	-96.1572400496	-92.8367322856
79.0678628	-96.0372363799	-92.8498023381
79.4328234724	-95.9172326763	-92.8629328957
79.7994687268	-95.7972289385	-92.876124238
80.1678063388	-95.6772251662	-92.8893766457
80.5378441199	-95.557221359	-92.9026904006
80.9095899178	-95.4372175166	-92.9160657863
81.2830516164	-95.3172136388	-92.9295030873
81.6582371359	-95.1972097251	-92.9430025896
82.035154433	-95.0772057752	-92.9565645806
82.4138115013	-94.9572017888	-92.9701893488
82.7942163712	-94.8371977657	-92.9838771844
83.1763771103	-94.7171937053	-92.9976283786
83.5603018231	-94.5971896075	-93.0114432241
83.9459986519	-94.4771854718	-93.0253220151
84.3334757764	-94.3571812978	-93.039265047
84.7227414141	-94.2371770854	-93.0532726166
85.1138038202	-94.117172834	-93.0673450221
85.5066712885	-93.9971685433	-93.0814825631
85.9013521505	-93.877164213	-93.0956855407
86.2978547767	-93.7571598427	-93.1099542572
86.6961875758	-93.6371554321	-93.1242890164
87.0963589956	-93.5171509807	-93.1386901236
87.4983775227	-93.3971464881	-93.1531578855
87.9022516831	-93.2771419541	-93.1676926101
88.3079900419	-93.1571373782	-93.1822946069
88.7156012038	-93.0371327601	-93.1969641869
89.1250938134	-92.9171280993	-93.2117016625
89.536476555	-92.7971233954	-93.2265073477
89.949758153	-92.6771186481	-93.2413815577
90.3649473722	-92.557113857	-93.2563246094
90.7820530178	-92.4371090216	-93.271336821
91.2010839356	-92.3171041415	-93.2864185124
91.6220490122	-92.1970992164	-93.3015700049
92.0449571753	-92.0770942458	-93.3167916211
92.4698173938	-91.9570892293	-93.3320836854
92.896638678	-91.8370841665	-93.3474465235
93.3254300797	-91.7170790569	-93.3628804629
93.7562006926	-91.5970739002	-93.3783858323
94.1889596523	-91.4770686958	-93.3939629621
94.6237161366	-91.3570634434	-93.4096121842
95.0604793656	-91.2370581424	-93.4253338322
95.4992586021	-91.1170527926	-93.4411282411
95.9400631516	-90.9970473933	-93.4569957474
96.3829023624	-90.8770419442	-93.4729366893
96.8277856261	-90.7570364447	-93.4889514066
97.2747223777	-90.6370308945	-93.5050402407
97.7237220956	-90.5170252931	-93.5212035344
98.174794302	-90.3970196399	-93.5374416324
98.6279485631	-90.2770139346	-93.5537548807
99.0831944893	-90.1570081765	-93.5701436271
99.5405417352	-90.0370023654	-93.5866082211
100	-89.9169965005	-93.6031490137
100.4615790278	-89.7969905816	-93.6197663575
100.9252886077	-89.676984608	-93.6364606068
101.3911385737	-89.5569785792	-93.6532321177
101.8591388054	-89.4369724948	-93.6700812478
102.3292992281	-89.3169663543	-93.6870083564
102.8016298127	-89.1969601571	-93.7040138046
103.2761405761	-89.0769539026	-93.7210979549
103.7528415818	-88.9569475905	-93.7382611718
104.2317429393	-88.8369412201	-93.7555038214
104.7128548051	-88.7169347909	-93.7728262715
105.1961873823	-88.5969283023	-93.7902288917
105.6817509214	-88.4769217539	-93.8077120531
106.1695557199	-88.3569151451	-93.8252761288
106.659612123	-88.2369084752	-93.8429214935
107.1519305238	-88.1169017438	-93.8606485238
107.646521363	-87.9968949503	-93.8784575979
108.1433951298	-87.8768880941	-93.8963490959
108.6425623617	-87.7568811747	-93.9143233994
109.1440336449	-87.6368741914	-93.9323808923
109.6478196143	-87.5168671436	-93.9505219598
110.1539309541	-87.3968600309	-93.9687469893
110.6623783978	-87.2768528525	-93.9870563696
111.1731727282	-87.1568456079	-94.0054504917
111.6863247781	-87.0368382964	-94.0239297483
112.2018454302	-86.9168309175	-94.0424945339
112.7197456176	-86.7968234705	-94.0611452448
113.2400363236	-86.6768159548	-94.0798822793
113.7627285823	-86.5568083698	-94.0987060375
114.287833479	-86.4368007149	-94.1176169214
114.8153621497	-86.3167929893	-94.1366153348
115.3453257821	-86.1967851924	-94.1557016836
115.8777356155	-86.0767773237	-94.1748763754
116.4126029411	-85.9567693823	-94.1941398197
116.949939102	-85.8367613678	-94.2134924281
117.489755494	-85.7167532793	-94.232934614
118.0320635652	-85.5967451162	-94.2524667928
118.5768748167	-85.4767368778	-94.2720893819
119.1242008027	-85.3567285635	-94.2918028005
119.6740531307	-85.2367201724	-94.3116074698
120.2264434617	-85.116711704	-94.3315038132
120.7813835107	-84.9967031576	-94.3514922559
121.3388850465	-84.8766945323	-94.371573225
121.8989598925	-84.7566858275	-94.3917471499
122.4616199265	-84.6366770424	-94.4120144618
123.0268770812	-84.5166681763	-94.4323755939
123.5947433445	-84.3966592285	-94.4528309817
124.1652307592	-84.2766501982	-94.4733810624
124.7383514243	-84.1566410847	-94.4940262756
125.3141174941	-84.0366318871	-94.5147670626
125.8925411794	-83.9166226048	-94.5356038671
126.4736347471	-83.7966132369	-94.5565371348
127.0574105209	-83.6766037826	-94.5775673134
127.6438808811	-83.5565942412	-94.5986948528
128.2330582656	-83.4365846119	-94.6199202049
128.8249551693	-83.3165748938	-94.641243824
129.419584145	-83.1965650861	-94.6626661661
130.0169578033	-83.0765551881	-94.6841876899
130.6170888132	-82.9565451989	-94.7058088558
131.2199899019	-82.8365351176	-94.7275301266
131.8256738556	-82.7165249434	-94.7493519671
132.4341535195	-82.5965146754	-94.7712748446
133.0454417978	-82.4765043129	-94.7932992283
133.6595516546	-82.3564938548	-94.8154255898
134.2764961138	-82.2364833005	-94.8376544028
134.8962882592	-82.1164726489	-94.8599861434
135.5189412351	-81.9964618991	-94.8824212897
136.1444682466	-81.8764510504	-94.9049603222
136.7728825596	-81.7564401017	-94.9276037238
137.4041975013	-81.6364290521	-94.9503519795
138.0384264603	-81.5164179008	-94.9732055766
138.6755828872	-81.3964066468	-94.9961650047
139.3156802945	-81.2763952891	-95.0192307559
139.9587322573	-81.1563838268	-95.0424033243
140.604752413	-81.036372259	-95.0656832066
141.2537544623	-80.9163605846	-95.0890709019
141.9057521689	-80.7963488028	-95.1125669113
142.5607593602	-80.6763369124	-95.1361717386
143.2187899274	-80.5563249126	-95.15988589
143.8798578256	-80.4363128023	-95.1837098737
144.5439770746	-80.3163005805	-95.2076442008
145.2111617588	-80.1962882462	-95.2316893846
145.8814260275	-80.0762757983	-95.2558459407
146.5547840956	-79.9562632359	-95.2801143874
147.2312502433	-79.8362505578	-95.3044952453
147.9108388168	-79.716237763	-95.3289890375
148.5935642287	-79.5962248505	-95.3535962895
149.2794409579	-79.4762118191	-95.3783175295
149.9684835502	-79.3561986678	-95.4031532879
150.6607066187	-79.2361853955	-95.428104098
151.3561248436	-79.116172001	-95.4531704952
152.0547529733	-78.9961584833	-95.4783530179
152.7566058238	-78.8761448413	-95.5036522067
153.4616982799	-78.7561310737	-95.5290686048
154.170045295	-78.6361171795	-95.5546027582
154.8816618913	-78.5161031574	-95.5802552153
155.5965631605	-78.3960890064	-95.6060265271
156.3147642641	-78.2760747251	-95.6319172474
157.0362804334	-78.1560603126	-95.6579279325
157.7611269699	-78.0360457675	-95.6840591413
158.4893192461	-77.9160310886	-95.7103114355
159.2208727051	-77.7960162747	-95.7366853793
159.9558028615	-77.6760013246	-95.7631815397
160.6941253013	-77.555986237	-95.7898004864
161.4358556827	-77.4359710108	-95.8165427918
162.1810097359	-77.3159556445	-95.843409031
162.929603264	-77.195940137	-95.8703997819
163.6816521428	-77.0759244869	-95.897515625
164.4371723215	-76.9559086929	-95.9247571438
165.1961798229	-76.8358927538	-95.9521249243
165.9586907438	-76.7158766682	-95.9796195557
166.7247212551	-76.5958604347	-96.0072416295
167.4942876027	-76.4758440521	-96.0349917405
168.2674061071	-76.3558275189	-96.062870486
169.0440931643	-76.2358108338	-96.0908784663
169.8243652462	-76.1157939954	-96.1190162846
170.6082389003	-75.9957770024	-96.1472845469
171.3957307508	-75.8757598532	-96.1756838621
172.1868574986	-75.7557425465	-96.2042148421
172.9816359215	-75.6357250808	-96.2328781017
173.7800828749	-75.5157074547	-96.2616742584
174.5822152921	-75.3956896667	-96.2906039331
175.3880501842	-75.2756717153	-96.3196677493
176.1976046412	-75.1556535992	-96.3488663337
177.0108958317	-75.0356353167	-96.3782003159
177.8279410039	-74.9156168663	-96.4076703285
178.6487574852	-74.7955982466	-96.4372770071
179.4733626833	-74.6755794559	-96.4670209906
180.301774086	-74.5555604927	-96.4969029207
181.134009262	-74.4355413555	-96.5269234423
181.970085861	-74.3155220427	-96.5570832033
182.8100216143	-74.1955025526	-96.5873828548
183.6538343348	-74.0754828837	-96.617823051
184.501541918	-73.9554630343	-96.6484044492
185.3531623415	-73.8354430029	-96.67912771
186.2087136663	-73.7154227876	-96.709993497
187.0682140366	-73.5954023869	-96.7410024771
187.9316816803	-73.4753817991	-96.7721553203
188.7991349096	-73.3553610225	-96.8034527001
189.6705921211	-73.2353400554	-96.8348952929
190.5460717963	-73.1153188959	-96.8664837786
191.4255925021	-72.9952975425	-96.8982188401
192.309172891	-72.8752759933	-96.930101164
193.1968317017	-72.7552542466	-96.9621314399
194.0885877593	-72.6352323005	-96.9943103608
194.9844599758	-72.5152101533	-97.0266386231
195.8844673506	-72.3951878031	-97.0591169265
196.7886289707	-72.275165248	-97.0917459742
197.6969640112	-72.1551424864	-97.1245264725
198.6094917357	-72.0351195161	-97.1574591315
199.5262314969	-71.9150963355	-97.1905446646
200.4472027365	-71.7950729425	-97.2237837884
201.3724249862	-71.6750493352	-97.2571772233
202.3019178678	-71.5550255117	-97.2907256931
203.2357010936	-71.4350014701	-97.324429925
204.173794467	-71.3149772083	-97.3582906498
205.1162178826	-71.1949527244	-97.3923086019
206.062991327	-71.0749280164	-97.4264845192
207.0141348791	-70.9549030822	-97.4608191432
207.9696687104	-70.8348779198	-97.4953132189
208.9296130854	-70.7148525271	-97.5299674951
209.8939883624	-70.5948269021	-97.5647827241
210.8628149933	-70.4748010426	-97.599759662
211.8361135249	-70.3547749465	-97.6348990683
212.8139045983	-70.2347486118	-97.6702017066
213.7962089502	-70.1147220361	-97.7056683438
214.7830474131	-69.9946952174	-97.7412997508
215.7744409153	-69.8746681535	-97.7770967023
216.770410482	-69.7546408422	-97.8130599766
217.7709772353	-69.6346132811	-97.8491903559
218.776162395	-69.5145854682	-97.8854886261
219.7859872785	-69.394557401	-97.9219555771
220.8004733019	-69.2745290773	-97.9585920025
221.81964198	-69.1545004948	-97.9953987
222.843514927	-69.0344716512	-98.0323764711
223.8721138568	-68.9144425442	-98.069526121
224.9054605836	-68.7944131712	-98.1068484591
225.9435770221	-68.67438353	-98.1443442988
226.9864851884	-68.5543536181	-98.1820144574
228.0342072001	-68.4343234332	-98.219859756
229.0867652768	-68.3142929727	-98.2578810201
230.1441817409	-68.1942622341	-98.2960790791
231.2064790176	-68.074231215	-98.3344547663
232.2736796357	-67.9541999129	-98.3730089194
233.3458062281	-67.8341683251	-98.4117423799
234.422881532	-67.7141364493	-98.4506559938
235.5049283896	-67.5941042826	-98.489750611
236.5919697486	-67.4740718226	-98.5290270856
237.6840286625	-67.3540390667	-98.5684862761
238.7811282913	-67.2340060121	-98.608129045
239.883291902	-67.1139726562	-98.6479562592
240.9905428687	-66.9939389962	-98.6879687898
242.1029046736	-66.8739050296	-98.7281675124
243.2204009074	-66.7538707534	-98.7685533066
244.3430552694	-66.633836165	-98.8091270567
245.4708915685	-66.5138012616	-98.8498896511
246.6039337234	-66.3937660403	-98.8908419827
247.7422057633	-66.2737304983	-98.9319849489
248.8857318283	-66.1536946327	-98.9733194515
250.0345361697	-66.0336584407	-99.0148463967
251.188643151	-65.9136219193	-99.0565666953
252.3480772481	-65.7935850655	-99.0984812626
253.5128630498	-65.6735478765	-99.1405910184
254.6830252585	-65.5535103493	-99.1828968871
255.8585886906	-65.4334724807	-99.2253997978
257.0395782769	-65.3134342678	-99.2681006841
258.2260190635	-65.1933957075	-99.3110004844
259.4179362119	-65.0733567967	-99.3541001415
260.6153549999	-64.9533175324	-99.3974006033
261.8183008219	-64.8332779112	-99.4409028221
263.0267991896	-64.7132379302	-99.4846077551
264.2408757322	-64.593197586	-99.5285163644
265.4605561976	-64.4731568755	-99.5726296166
266.6858664522	-64.3531157953	-99.6169484836
267.9168324819	-64.2330743423	-99.6614739417
269.1534803927	-64.1130325131	-99.7062069725
270.3958364109	-63.9929903044	-99.7511485622
271.6439268839	-63.8729477127	-99.7962997021
272.8977782808	-63.7529047348	-99.8416613886
274.1574171928	-63.6328613672	-99.887234623
275.4228703338	-63.5128176064	-99.9330204116
276.6941645412	-63.3927734491	-99.9790197658
277.9713267759	-63.2727288915	-100.0252337022
279.2543841237	-63.1526839303	-100.0716632423
280.5433637952	-63.0326385619	-100.1183094132
281.8382931265	-62.9125927826	-100.1651732467
283.13919958	-62.7925465889	-100.21225578
284.4461107448	-62.6724999771	-100.2595580558
285.7590543375	-62.5524529435	-100.3070811218
287.0780582025	-62.4324054843	-100.354826031
288.4031503127	-62.312357596	-100.4027938419
289.7343587701	-62.1923092746	-100.4509856183
291.0717118067	-62.0722605163	-100.4994024295
292.4152377843	-61.9522113174	-100.5480453501
293.7649651962	-61.832161674	-100.5969154604
295.1209226667	-61.7121115821	-100.6460138459
296.4831389524	-61.5920610378	-100.6953415978
297.8516429429	-61.4720100372	-100.744899813
299.2264636608	-61.3519585762	-100.7946895938
300.6076302628	-61.2319066509	-100.8447120483
301.9951720402	-61.1118542572	-100.8949682902
303.3891184194	-60.9918013909	-100.9454594389
304.7894989628	-60.871748048	-100.9961866195
306.1963433691	-60.7516942243	-101.0471509631
307.6096814741	-60.6316399156	-101.0983536063
309.0295432514	-60.5115851177	-101.1497956918
310.4559588129	-60.3915298262	-101.201478368
311.8889584094	-60.271474037	-101.2534027895
313.3285724316	-60.1514177457	-101.3055701166
314.7748314101	-60.0313609478	-101.3579815156
316.2277660169	-59.9113036392	-101.410638159
317.687407065	-59.7912458151	-101.4635412252
319.1537855101	-59.6711874714	-101.5166918989
320.6269324506	-59.5511286033	-101.5700913708
322.1068791284	-59.4310692064	-101.6237408378
323.5936569296	-59.3110092761	-101.6776415031
325.0872973854	-59.1909488078	-101.7317945759
326.5878321724	-59.0708877969	-101.7862012722
328.0952931131	-58.9508262386	-101.8408628138
329.6097121775	-58.8307641283	-101.8957804292
331.1311214826	-58.7107014612	-101.9509553533
332.659553294	-58.5906382324	-102.0063888274
334.1950400261	-58.4705744373	-102.0620820993
335.737614243	-58.3505100709	-102.1180364233
337.2873086589	-58.2304451282	-102.1742530603
338.8441561392	-58.1103796045	-102.230733278
340.408189701	-57.9903134946	-102.2874783505
341.9794425137	-57.8702467936	-102.3444895588
343.5579478999	-57.7501794965	-102.4017681907
345.1437393359	-57.6301115981	-102.4593155405
346.7368504525	-57.5100430932	-102.5171329096
348.337315036	-57.3899739769	-102.5752216064
349.9451670284	-57.2699042437	-102.6335829458
351.5604405283	-57.1498338885	-102.6922182501
353.183169792	-57.0297629061	-102.7511288484
354.8133892336	-56.909691291	-102.8103160769
356.4511334263	-56.789619038	-102.869781279
358.0964371027	-56.6695461415	-102.9295258051
359.7493351558	-56.5494725963	-102.989551013
361.4098626396	-56.4293983967	-103.0498582677
363.0780547701	-56.3093235374	-103.1104489413
364.7539469256	-56.1892480126	-103.1713244136
366.4375746479	-56.0691718169	-103.2324860715
368.1289736425	-55.9490949446	-103.2939353095
369.8281797803	-55.82901739	-103.3556735296
371.5352290972	-55.7089391473	-103.4177021412
373.2501577957	-55.5888602109	-103.4800225616
374.9730022455	-55.4687805749	-103.5426362155
376.7037989839	-55.3487002335	-103.6055445353
378.4425847171	-55.2286191808	-103.6687489613
380.1893963206	-55.1085374109	-103.7322509416
381.9442708401	-54.9884549178	-103.796051932
383.7072454923	-54.8683716956	-103.8601533964
385.4783576658	-54.7482877381	-103.9245568065
387.2576449216	-54.6282030392	-103.9892636422
389.0451449943	-54.508117593	-104.0542753914
390.8408957924	-54.3880313931	-104.1195935501
392.6449353996	-54.2679444335	-104.1852196225
394.4573020753	-54.1478567077	-104.2511551211
396.2780342555	-54.0277682096	-104.3174015667
398.1071705535	-53.9076789329	-104.3839604884
399.9447497611	-53.787588871	-104.4508334238
401.790810849	-53.6674980177	-104.5180219189
403.6453929676	-53.5474063665	-104.5855275284
405.5085354484	-53.4273139108	-104.6533518154
407.3802778041	-53.3072206442	-104.7214963518
409.26065973	-53.1871265601	-104.7899627182
411.1497211045	-53.0670316517	-104.8587525039
413.0475019902	-52.9469359126	-104.9278673072
414.9540426344	-52.826839336	-104.9973087351
416.8693834704	-52.7067419151	-105.0670784039
418.7935651179	-52.5866436431	-105.1371779386
420.7266283845	-52.4665445133	-105.2076089735
422.6686142656	-52.3464445188	-105.278373152
424.6195639463	-52.2263436526	-105.3494721269
426.5795188016	-52.1062419079	-105.42090756
428.5485203975	-51.9861392776	-105.4926811228
430.5266104917	-51.8660357547	-105.564794496
432.513831035	-51.7459313322	-105.6372493699
434.5102241716	-51.625826003	-105.7100474445
436.5158322402	-51.5057197599	-105.7831904293
438.530697775	-51.3856125957	-105.8566800436
440.5548635066	-51.2655045032	-105.9305180163
442.5883723626	-51.1453954753	-106.0047060866
444.6312674691	-51.0252855045	-106.0792460032
446.683592151	-50.9051745835	-106.154139525
448.7453899332	-50.7850627051	-106.2293884212
450.8167045415	-50.6649498617	-106.3049944708
452.8975799036	-50.5448360459	-106.3809594633
454.9880601501	-50.4247212504	-106.4572851984
457.0881896149	-50.3046054674	-106.5339734863
459.1980128369	-50.1844886895	-106.6110261476
461.3175745604	-50.0643709092	-106.6884450136
463.4469197363	-49.9442521188	-106.7662319261
465.586093523	-49.8241323105	-106.8443887376
467.7351412872	-49.7040114769	-106.9229173117
469.8941086052	-49.5838896101	-107.0018195225
472.0630412636	-49.4637667023	-107.0810972554
474.2419852603	-49.3436427459	-107.1607524066
476.4309868054	-49.223517733	-107.2407868838
478.6300923227	-49.1033916557	-107.3212026056
480.8393484498	-48.9832645063	-107.4020015022
483.0588020398	-48.8631362766	-107.4831855149
485.2885001621	-48.743006959	-107.5647565968
487.5284901034	-48.6228765453	-107.6467167126
489.7788193685	-48.5027450277	-107.7290678384
492.0395356815	-48.382612398	-107.8118119625
494.3106869869	-48.2624786483	-107.8949510848
496.5923214504	-48.1423437706	-107.9784872172
498.88448746	-48.0222077566	-108.0624223837
501.1872336273	-47.9020705984	-108.1467586207
503.5006087879	-47.7819322878	-108.2314979765
505.8246620031	-47.6617928167	-108.3166425121
508.1594425606	-47.5416521769	-108.4021943007
510.5049999754	-47.4215103602	-108.4881554284
512.8613839914	-47.3013673584	-108.5745279936
515.2286445818	-47.1812231634	-108.6613141078
517.6068319506	-47.0610777668	-108.7485158953
519.9959965335	-46.9409311606	-108.8361354933
522.3961889991	-46.8207833363	-108.9241750523
524.8074602498	-46.7006342858	-109.0126367359
527.2298614229	-46.5804840008	-109.101522721
529.6634438917	-46.4603324731	-109.1908351981
532.1082592668	-46.3401796943	-109.2805763711
534.564359397	-46.2200256561	-109.3707484576
537.0317963703	-46.0998703504	-109.4613536891
539.5106225152	-45.9797137687	-109.5523943109
542.0008904017	-45.8595559029	-109.6438725824
544.5026528425	-45.7393967447	-109.7357907771
547.015962894	-45.6192362858	-109.8281511828
549.5408738577	-45.4990745179	-109.9209561017
552.0774392808	-45.3789114327	-110.0142078505
554.6257129579	-45.2587470221	-110.1079087605
557.185748932	-45.1385812779	-110.2020611779
559.7576014951	-45.0184141917	-110.2966674638
562.3413251904	-44.8982457555	-110.3917299943
564.9369748123	-44.778075961	-110.4872511605
567.5446054086	-44.6579048002	-110.5832333692
570.1642722808	-44.5377322648	-110.6796790422
572.7960309859	-44.4175583469	-110.7765906172
575.4399373372	-44.2973830383	-110.8739705474
578.0960474057	-44.1772063311	-110.9718213022
580.7644175213	-44.0570282172	-111.0701453666
583.4451042738	-43.9368486888	-111.1689452421
586.1381645141	-43.8166677379	-111.2682234462
588.8436553556	-43.6964853566	-111.367982513
591.5616341755	-43.5763015372	-111.4682249932
594.2921586156	-43.456116272	-111.5689534543
597.0352865839	-43.3359295532	-111.6701704805
599.7910762555	-43.2157413733	-111.7718786734
602.5595860744	-43.0955517246	-111.8740806515
605.3408747539	-42.9753605997	-111.9767790508
608.1350012788	-42.8551679911	-112.0799765248
610.9420249056	-42.7349738916	-112.1836757449
613.7620051648	-42.6147782939	-112.2878794001
616.5950018615	-42.4945811907	-112.3925901976
619.4410750768	-42.3743825751	-112.4978108628
622.3002851692	-42.2541824399	-112.6035441395
625.1726927757	-42.1339807785	-112.7097927899
628.0583588134	-42.0137775839	-112.8165595951
630.9573444802	-41.8935728495	-112.9238473552
633.869711257	-41.7733665687	-113.0316588892
636.795520908	-41.6531587352	-113.1399970355
639.7348354827	-41.5329493425	-113.2488646518
642.6877173171	-41.4127383846	-113.3582646158
645.6542290347	-41.2925258553	-113.4681998247
648.6344335483	-41.1723117489	-113.578673196
651.6283940609	-41.0520960595	-113.6896876673
654.6361740673	-40.9318787816	-113.8012461966
657.6578373555	-40.8116599097	-113.9133517628
660.6934480076	-40.6914394387	-114.0260073653
663.7430704019	-40.5712173633	-114.1392160247
666.8067692137	-40.4509936788	-114.2529807831
669.8846094166	-40.3307683804	-114.3673047037
672.9766562844	-40.2105414636	-114.4821908717
676.082975392	-40.0903129242	-114.5976423939
679.2036326172	-39.9700827581	-114.7136623996
682.3386941417	-39.8498509614	-114.8302540401
685.4882264527	-39.7296175305	-114.9474204895
688.6522963443	-39.609382462	-115.0651649447
691.830970919	-39.4891457528	-115.1834906256
695.0243175888	-39.3689074	-115.3024007754
698.2324040772	-39.2486674011	-115.4218986608
701.45529842	-39.1284257537	-115.5419875723
704.6930689672	-39.0081824557	-115.6626708244
707.9457843842	-38.8879375056	-115.7839517558
711.2135136534	-38.7676909017	-115.9058337298
714.4963260756	-38.6474426431	-116.0283201345
717.7942912714	-38.527192729	-116.1514143829
721.1074791829	-38.406941159	-116.2751199134
724.435960075	-38.2866879329	-116.3994401898
727.7798045369	-38.1664330512	-116.524378702
731.1390834835	-38.0461765144	-116.6499389658
734.5138681572	-37.9259183238	-116.7761245235
737.9042301291	-37.8056584807	-116.9029389438
741.310241301	-37.6853969871	-117.0303858226
744.731973906	-37.5651338453	-117.1584687831
748.1695005112	-37.4448690582	-117.2871914757
751.6228940182	-37.324602629	-117.416557579
755.0922276655	-37.2043345614	-117.5465707994
758.5775750292	-37.0840648598	-117.677234872
762.0790100255	-36.9637935288	-117.8085535604
765.5966069113	-36.8435205738	-117.9405306573
769.1304402867	-36.7232460005	-118.073169985
772.6805850957	-36.6029698155	-118.2064753952
776.2471166287	-36.4826920256	-118.3404507698
779.8301105233	-36.3624126386	-118.475100021
783.4296427663	-36.2421316625	-118.6104270915
787.0457896951	-36.1218491062	-118.7464359554
790.6786279999	-36.0015649793	-118.8831306177
794.3282347243	-35.881279292	-119.0205151156
797.994687268	-35.7609920551	-119.1585935181
801.6780633877	-35.6407032803	-119.2973699265
805.3784411991	-35.5204129799	-119.4368484752
809.0958991784	-35.4001211671	-119.5770333315
812.8305161641	-35.2798278558	-119.7179286965
816.5823713586	-35.1595330608	-119.8595388048
820.3515443299	-35.0392367977	-120.0018679258
824.1381150131	-34.918939083	-120.1449203632
827.9421637124	-34.7986399341	-120.288700456
831.7637711027	-34.6783393692	-120.4332125785
835.6030182313	-34.5580374076	-120.5784611409
839.4599865194	-34.4377340696	-120.7244505899
843.3347577643	-34.3174293764	-120.8711854087
847.2274141406	-34.1971233503	-121.0186701178
851.1380382024	-34.0768160146	-121.166909275
855.0667128847	-33.9565073939	-121.3159074762
859.0135215054	-33.8361975138	-121.465669356
862.978547767	-33.715886401	-121.6161995875
866.9618757583	-33.5955740835	-121.7675028834
870.9635899561	-33.4752605906	-121.9195839958
874.9837752275	-33.3549459529	-122.0724477176
879.0225168309	-33.2346302021	-122.2260988819
883.0799004186	-33.1143133715	-122.3805423634
887.156012038	-32.9939954956	-122.5357830781
891.2509381338	-32.8736766106	-122.6918259844
895.3647655496	-32.7533567538	-122.8486760834
899.4975815301	-32.6330359645	-123.0063384191
903.6494737224	-32.5127142831	-123.1648180794
907.8205301782	-32.392391752	-123.3241201964
912.010839356	-32.272068415	-123.4842499466
916.2204901221	-32.1517443177	-123.6452125521
920.4495717532	-32.0314195076	-123.8070132805
924.6981739383	-31.9110940337	-123.9696574458
928.96638678	-31.7907679472	-124.133150409
933.254300797	-31.670441301	-124.2974975782
937.5620069259	-31.55011415	-124.4627044099
941.8895965229	-31.4297865512	-124.6287764086
946.2371613659	-31.3094585637	-124.7957191285
950.6047936563	-31.1891302486	-124.9635381731
954.9925860215	-31.0688016694	-125.1322391964
959.400631516	-30.9484728918	-125.3018279033
963.829023624	-30.8281439838	-125.4723100501
968.2778562613	-30.7078150157	-125.6436914453
972.747223777	-30.5874860607	-125.8159779502
977.2372209559	-30.4671571939	-125.9891754795
981.74794302	-30.3468284936	-126.1632900018
986.2794856313	-30.2265000405	-126.3383275405
990.8319448928	-30.1061719181	-126.5142941742
995.4054173516	-29.9858442127	-126.6911960376
1000.0000000001	-29.8655170137	-126.8690393221
1004.6157902785	-29.7451904132	-127.0478302762
1009.2528860768	-29.6248645068	-127.2275752067
1013.9113857367	-29.504539393	-127.4082804789
1018.5913880542	-29.3842151736	-127.5899525178
1023.2929922808	-29.2638919537	-127.7725978082
1028.0162981265	-29.1435698421	-127.956222896
1032.7614057615	-29.0232489509	-128.1408343885
1037.5284158181	-28.9029293959	-128.3264389555
1042.3174293934	-28.7826112968	-128.5130433298
1047.128548051	-28.662294777	-128.7006543079
1051.9618738233	-28.5419799638	-128.8892787509
1056.8175092137	-28.4216669889	-129.0789235855
1061.6955571988	-28.3013559878	-129.2695958041
1066.5961212303	-28.1810471006	-129.4613024662
1071.5193052377	-28.0607404716	-129.6540506992
1076.4652136299	-27.9404362498	-129.8478476986
1081.433951298	-27.8201345887	-130.0427007295
1086.4256236171	-27.6998356469	-130.238617127
1091.4403364488	-27.5795395876	-130.4356042971
1096.4781961433	-27.4592465793	-130.6336697176
1101.5393095415	-27.3389567956	-130.832820939
1106.6237839777	-27.2186704155	-131.0330655852
1111.7317272817	-27.0983876234	-131.2344113544
1116.8632477806	-26.9781086096	-131.4368660199
1122.018454302	-26.8578335698	-131.6404374314
1127.1974561756	-26.7375627061	-131.845133515
1132.4003632356	-26.6172962264	-132.050962275
1137.6272858235	-26.4970343451	-132.2579317943
1142.8783347898	-26.376777283	-132.4660502353
1148.153621497	-26.2565252675	-132.6753258411
1153.4532578212	-26.1362785329	-132.885766936
1158.7773561552	-26.0160373205	-133.0973819268
1164.1260294106	-25.8958018788	-133.3101793033
1169.49939102	-25.7755724636	-133.5241676399
1174.8975549396	-25.6553493384	-133.7393555957
1180.3206356518	-25.5351327746	-133.9557519162
1185.7687481672	-25.4149230515	-134.1733654335
1191.2420080275	-25.2947204565	-134.392205068
1196.7405313073	-25.1745252858	-134.6122798288
1202.2644346175	-25.0543378441	-134.833598815
1207.8138351069	-24.9341584448	-135.0561712164
1213.3888504651	-24.8139874109	-135.2800063145
1218.9895989249	-24.6938250746	-135.5051134838
1224.6161992651	-24.5736717777	-135.7315021921
1230.2687708125	-24.4535278719	-135.9591820023
1235.9474334446	-24.3333937193	-136.1881625727
1241.6523075925	-24.2132696923	-136.4184536582
1247.383514243	-24.0931561742	-136.6500651113
1253.1411749415	-23.973053559	-136.8830068832
1258.9254117943	-23.8529622523	-137.1172890244
1264.7363474712	-23.7328826714	-137.3529216859
1270.5741052086	-23.6128152453	-137.5899151204
1276.4388088114	-23.4927604153	-137.8282796826
1282.3305826561	-23.3727186355	-138.0680258308
1288.2495516932	-23.2526903726	-138.3091641276
1294.1958414501	-23.1326761068	-138.5517052408
1300.1695780334	-23.0126763318	-138.7956599443
1306.1708881319	-22.8926915552	-139.0410391191
1312.1998990193	-22.7727222991	-139.2878537544
1318.2567385565	-22.6527691002	-139.5361149482
1324.3415351948	-22.5328325104	-139.7858339083
1330.4544179782	-22.4129130969	-140.0370219533
1336.5955165465	-22.2930114431	-140.2896905133
1342.764961138	-22.1731281483	-140.5438511308
1348.9628825917	-22.053263829	-140.7995154617
1355.1894123511	-21.9334191185	-141.0566952759
1361.444682466	-21.813594668	-141.3154024583
1367.7288255959	-21.6937911467	-141.5756490093
1374.0419750126	-21.5740092422	-141.8374470458
1380.384264603	-21.4542496614	-142.100808802
1386.755828872	-21.3345131305	-142.3657466299
1393.1568029454	-21.2148003959	-142.6322729999
1399.5873225727	-21.0951122243	-142.9004005018
1406.04752413	-20.9754494038	-143.1701418452
1412.5375446229	-20.8558127439	-143.44150986
1419.0575216892	-20.7362030763	-143.7145174972
1425.6075936023	-20.6166212553	-143.9891778292
1432.1878992736	-20.4970681587	-144.2655040503
1438.7985782559	-20.3775446882	-144.5435094772
1445.439770746	-20.2580517698	-144.8232075494
1452.1116175878	-20.1385903548	-145.1046118293
1458.8142602755	-20.0191614202	-145.387736003
1465.547840956	-19.8997659692	-145.6725938798
1472.3125024328	-19.7804050323	-145.959199393
1479.1083881683	-19.6610796677	-146.2475665998
1485.9356422871	-19.5417909619	-146.537709681
1492.7944095791	-19.4225400305	-146.8296429417
1499.6848355025	-19.3033280191	-147.1233808106
1506.6070661868	-19.1841561037	-147.4189378399
1513.5612484363	-19.0650254917	-147.7163287056
1520.5475297326	-18.9459374225	-148.0155682063
1527.5660582382	-18.8268931685	-148.3166712637
1534.6169827994	-18.7078940357	-148.6196529213
1541.7004529497	-18.5889413644	-148.9245283444
1548.8166189126	-18.4700365305	-149.2313128191
1555.9656316052	-18.3511809458	-149.5400217517
1563.1476426411	-18.2323760592	-149.8506706675
1570.3628043337	-18.1136233574	-150.1632752101
1577.6112696995	-17.9949243661	-150.47785114
1584.8931924612	-17.8762806503	-150.7944143338
1592.2087270513	-17.757693816	-151.1129807821
1599.5580286148	-17.6391655105	-151.4335665887
1606.941253013	-17.5206974237	-151.7561879684
1614.3585568266	-17.402291289	-152.0808612456
1621.810097359	-17.2839488843	-152.4076028519
1629.2960326398	-17.1656720329	-152.7364293246
1636.8165214279	-17.0474626047	-153.0673573037
1644.371723215	-16.9293225171	-153.4004035302
1651.9617982291	-16.8112537362	-153.7355848427
1659.5869074377	-16.6932582779	-154.0729181751
1667.2472125512	-16.5753382086	-154.4124205537
1674.9428760266	-16.4574956467	-154.7541090934
1682.6740610706	-16.3397327638	-155.0980009949
1690.4409316434	-16.2220517855	-155.4441135406
1698.2436524619	-16.1044549928	-155.7924640911
1706.0823890032	-15.9869447229	-156.143070081
1713.9573075085	-15.869523371	-156.4959490143
1721.8685749861	-15.7521933909	-156.8511184605
1729.8163592152	-15.6349572967	-157.2085960488
1737.8008287495	-15.5178176636	-157.5683994641
1745.8221529206	-15.4007771292	-157.9305464407
1753.8805018419	-15.283838395	-158.295054757
1761.9760464118	-15.1670042275	-158.66194223
1770.1089583175	-15.0502774593	-159.0312267081
1778.2794100391	-14.9336609907	-159.4029260655
1786.4875748522	-14.8171577907	-159.7770581946
1794.7336268327	-14.7007708984	-160.1536409991
1803.0177408597	-14.5845034241	-160.5326923867
1811.3400926197	-14.468358551	-160.9142302606
1819.7008586101	-14.352339536	-161.2982725117
1828.1002161429	-14.2364497115	-161.6848370097
1836.5383433485	-14.1206924861	-162.0739415944
1845.0154191796	-14.0050713466	-162.465604066
1853.5316234149	-13.8895898585	-162.8598421753
1862.087136663	-13.7742516681	-163.2566736137
1870.6821403659	-13.6590605029	-163.6561160023
1879.3168168034	-13.5440201737	-164.0581868811
1887.9913490964	-13.4291345755	-164.4629036973
1896.7059212113	-13.3144076883	-164.8702837934
1905.4607179634	-13.1998435793	-165.2803443948
1914.2559250212	-13.0854464031	-165.6931025968
1923.0917289103	-12.9712204037	-166.1085753515
1931.9683170171	-12.857169915	-166.5267794537
1940.8858775929	-12.7432993625	-166.9477315267
1949.8445997582	-12.629613264	-167.3714480075
1958.8446735061	-12.5161162309	-167.7979451313
1967.886289707	-12.4028129691	-168.2272389157
1976.969640112	-12.2897082802	-168.6593451444
1986.0949173575	-12.1768070621	-169.0942793503
1995.262314969	-12.0641143105	-169.532056798
2004.4720273653	-11.9516351191	-169.9726924658
2013.7242498625	-11.8393746807	-170.4162010273
2023.0191786784	-11.7273382883	-170.8625968321
2032.3570109364	-11.6155313352	-171.3118938867
2041.7379446697	-11.503959316	-171.7641058339
2051.1621788257	-11.3926278269	-172.2192459323
2060.6299132702	-11.2815425665	-172.677327035
2070.1413487912	-11.1707093361	-173.1383615682
2079.6966871039	-11.0601340397	-173.6023615083
2089.2961308542	-10.9498226848	-174.0693383595
2098.9398836237	-10.8397813819	-174.5393031305
2108.6281499334	-10.7300163451	-175.0122663103
2118.3611352487	-10.6205338918	-175.4882378443
2128.1390459829	-10.5113404423	-175.9672271091
2137.9620895024	-10.40244252	-176.4492428871
2147.8304741307	-10.2938467506	-176.9342933412
2157.7444091528	-10.1855598617	-177.422385988
2167.7041048199	-10.077588682	-177.9135276716
2177.7097723533	-9.9699401409	-178.4077245362
2187.7616239497	-9.862621267	-178.9049819986
2197.859872785	-9.7556391874	-179.405304721
2208.0047330191	-9.6490011265	-179.9086965821
2218.1964198004	-9.5427144041	-180.4151606491
2228.4351492705	-9.4367864344	-180.924699149
2238.7211385685	-9.3312247239	-181.4373134394
2249.054605836	-9.2260368697	-181.9530039797
2259.4357702211	-9.1212305574	-182.4717703019
2269.864851884	-9.0168135586	-182.9936109808
2280.3420720006	-8.9127937286	-183.5185236049
2290.8676527679	-8.8091790038	-184.0465047469
2301.4418174087	-8.7059773987	-184.5775499344
2312.0647901758	-8.603197003	-185.1116536202
2322.7367963573	-8.5008459781	-185.6488091538
2333.4580622812	-8.3989325538	-186.1890087517
2344.2288153201	-8.2974650246	-186.7322434693
2355.0492838962	-8.1964517458	-187.2785031723
2365.9196974859	-8.0959011293	-187.8277765088
2376.8402866251	-7.9958216392	-188.3800508819
2387.8112829134	-7.8962217874	-188.9353124225
2398.8329190197	-7.7971101287	-189.4935459634
2409.9054286868	-7.6984952559	-190.0547350134
2421.0290467364	-7.6003857944	-190.6188617325
2432.204009074	-7.5027903968	-191.185906908
2443.4305526942	-7.4057177373	-191.7558499311
2454.7089156852	-7.3091765056	-192.3286687756
2466.0393372345	-7.2131754012	-192.9043399758
2477.4220576335	-7.1177231266	-193.4828386078
2488.8573182826	-7.0228283808	-194.0641382705
2500.3453616966	-6.9284998532	-194.6482110682
2511.8864315098	-6.8347462156	-195.2350275954
2523.4807724808	-6.7415761161	-195.8245569222
2535.1286304981	-6.6489981711	-196.4167665818
2546.8302525852	-6.5570209582	-197.0116225598
2558.5858869058	-6.4656530082	-197.6090892845
2570.3957827691	-6.3749027977	-198.2091296201
2582.2601906348	-6.2847787407	-198.8117048613
2594.179362119	-6.1952891808	-199.4167747295
2606.1535499991	-6.1064423831	-200.024297372
2618.1830082192	-6.0182465255	-200.6342293624
2630.2679918956	-5.9307096904	-201.2465257041
2642.4087573222	-5.8438398565	-201.8611398353
2654.6055619757	-5.7576448899	-202.4780236364
2666.8586645217	-5.6721325357	-203.0971274408
2679.1683248192	-5.587310409	-203.7184000466
2691.5348039271	-5.5031859868	-204.3417887317
2703.9583641091	-5.4197665991	-204.9672392714
2716.4392688393	-5.33705942	-205.5946959581
2728.9777828083	-5.2550714595	-206.2241016239
2741.5741719281	-5.173809555	-206.8553976655
2754.2287033384	-5.0932803624	-207.4885240719
2766.9416454117	-5.0134903484	-208.1234194544
2779.7132677595	-4.934445782	-208.7600210794
2792.5438412376	-4.8561527261	-209.3982649038
2805.4336379519	-4.7786170303	-210.0380856123
2818.3829312647	-4.7018443227	-210.679416658
2831.3919957996	-4.6258400026	-211.322190305
2844.4611074481	-4.550609233	-211.9663376731
2857.5905433752	-4.4761569341	-212.6117887857
2870.7805820249	-4.4024877759	-213.2584726186
2884.0315031268	-4.3296061722	-213.9063171527
2897.3435877016	-4.2575162742	-214.5552494271
2910.7171180668	-4.1862219647	-215.2051955952
2924.1523778436	-4.1157268529	-215.8560809824
2937.6496519618	-4.0460342687	-216.5078301459
2951.2092266666	-3.9771472584	-217.1603669354
2964.8313895246	-3.9090685802	-217.813614556
2978.5164294294	-3.8418007002	-218.4674956325
2992.2646366084	-3.7753457888	-219.1219322749
3006.0763026285	-3.7097057177	-219.7768461444
3019.9517204023	-3.6448820569	-220.4321585217
3033.8911841945	-3.5808760729	-221.0877903751
3047.8949896282	-3.5176887264	-221.7436624292
3061.9634336909	-3.4553206714	-222.3996952355
3076.096814741	-3.393772254	-223.0558092415
3090.2954325138	-3.333043512	-223.7119248615
3104.5595881286	-3.2731341752	-224.3679625468
3118.8895840942	-3.2140436655	-225.023842856
3133.2857243158	-3.1557710981	-225.6794865249
3147.7483141016	-3.098315283	-226.3348145361
3162.2776601686	-3.0416747265	-226.989748188
3176.87407065	-2.9858476342	-227.6442091629
3191.537855101	-2.930831913	-228.2981195949
3206.2693245057	-2.8766251747	-228.9514021357
3221.0687912837	-2.8232247396	-229.6039800201
3235.9365692965	-2.7706276406	-230.2557771299
3250.8729738546	-2.7188306275	-230.9067180562
3265.8783217236	-2.6678301717	-231.5567281605
3280.9529311315	-2.6176224717	-232.2057336336
3296.0971217748	-2.5682034583	-232.8536615535
3311.3112148262	-2.5195688008	-233.5004399402
3326.5955329403	-2.4717139132	-234.1459978098
3341.9504002614	-2.4246339601	-234.7902652255
3357.3761424298	-2.3783238644	-235.4331733469
3372.873086589	-2.3327783136	-236.0746544768
3388.4415613923	-2.2879917676	-236.7146421063
3404.0818970103	-2.2439584658	-237.3530709562
3419.7944251374	-2.2006724352	-237.9898770174
3435.579478999	-2.158127498	-238.6249975882
3451.4373933588	-2.1163172799	-239.2583713085
3467.3685045256	-2.0752352181	-239.8899381926
3483.3731503604	-2.0348745699	-240.519639659
3499.4516702839	-1.9952284208	-241.1474185569
3515.6044052833	-1.9562896932	-241.7732191914
3531.8316979199	-1.9180511551	-242.3969873451
3548.133892336	-1.8805054283	-243.0186702979
3564.5113342627	-1.8436449975	-243.6382168437
3580.9643710267	-1.8074622186	-244.2555773053
3597.4933515577	-1.7719493275	-244.8707035457
3614.0986263964	-1.7370984485	-245.4835489786
3630.7805477013	-1.702901603	-246.0940685749
3647.5394692564	-1.669350718	-246.702218868
3664.3757464786	-1.6364376341	-247.3079579566
3681.2897364256	-1.6041541144	-247.9112455049
3698.281797803	-1.5724918522	-248.5120427411
3715.352290972	-1.5414424792	-249.1103124537
3732.5015779575	-1.5109975733	-249.7060189858
3749.7300224551	-1.4811486665	-250.2991282276
3767.0379898394	-1.4518872528	-250.889607607
3784.4258471712	-1.4232047948	-251.4774260782
3801.8939632059	-1.3950927318	-252.062554109
3819.4427084008	-1.3675424865	-252.6449636665
3837.0724549231	-1.3405454719	-253.2246282011
3854.783576658	-1.314093098	-253.8015226291
3872.5764492165	-1.2881767784	-254.375623314
3890.4514499431	-1.2627879363	-254.9469080468
3908.4089579243	-1.2379180109	-255.5153560246
3926.4493539963	-1.2135584631	-256.0809478287
3944.5730207531	-1.1897007809	-256.6436654014
3962.7803425547	-1.1663364851	-257.2034920218
3981.0717055353	-1.1434571344	-257.7604122812
3999.4474976113	-1.1210543304	-258.3144120571
4017.9081084897	-1.0991197222	-258.865478487
4036.4539296764	-1.0776450109	-259.4135999415
4055.0853544842	-1.0566219541	-259.9587659971
4073.8027780415	-1.0360423698	-260.5009674078
4092.6065973004	-1.0158981402	-261.0401960771
4111.4972110456	-0.9961812157	-261.5764450293
4130.475019902	-0.9768836177	-262.1097083807
4149.540426344	-0.9579974425	-262.6399813105
4168.6938347037	-0.9395148638	-263.1672600316
4187.9356511795	-0.9214281358	-263.6915417612
4207.2662838448	-0.9037295955	-264.2128246915
4226.6861426564	-0.8864116657	-264.7311079606
4246.1956394635	-0.8694668565	-265.2463916231
4265.7951880163	-0.8528877678	-265.7586766211
4285.4852039748	-0.8366670913	-266.2679647551
4305.2661049175	-0.8207976117	-266.7742586553
4325.1383103504	-0.8052722086	-267.2775617532
4345.1022417161	-0.7900838578	-267.7778782533
4365.158322402	-0.7752256324	-268.2752131049
4385.3069777502	-0.760690704	-268.7695719751
4405.5486350659	-0.7464723435	-269.2609612207
4425.8837236266	-0.7325639219	-269.7493878623
4446.3126746915	-0.7189589111	-270.2348595571
4466.83592151	-0.705650884	-270.7173845731
4487.4538993317	-0.6926335153	-271.1969717637
4508.167045415	-0.6799005815	-271.6736305423
4528.9757990366	-0.6674459613	-272.1473708581
4549.8806015009	-0.6552636354	-272.6182031714
4570.8818961491	-0.6433476864	-273.0861384306
4591.9801283691	-0.631692299	-273.5511880484
4613.1757456042	-0.6202917593	-274.01336388
4634.4691973633	-0.6091404549	-274.4726782002
4655.86093523	-0.598232874	-274.9291436827
4677.3514128724	-0.5875636055	-275.3827733784
4698.9410860525	-0.5771273377	-275.8335806954
4720.6304126363	-0.5669188584	-276.2815793789
4742.4198526028	-0.5569330535	-276.7267834922
4764.3098680546	-0.547164907	-277.1692073972
4786.3009232268	-0.5376094993	-277.6088657367
4808.3934844977	-0.5282620071	-278.0457734165
4830.5880203981	-0.519117702	-278.4799455882
4852.8850016216	-0.5101719498	-278.9113976324
4875.2849010343	-0.5014202093	-279.3401451426
4897.7881936849	-0.4928580313	-279.7662039098
4920.3953568149	-0.4844810578	-280.189589907
4943.1068698688	-0.4762850202	-280.6103192748
4965.9232145038	-0.4682657391	-281.0284083073
4988.8448746005	-0.4604191224	-281.4438734384
5011.8723362731	-0.4527411643	-281.8567312287
5035.0060878795	-0.4452279441	-282.2669983526
5058.2466200316	-0.4378756254	-282.6746915866
5081.594425606	-0.430680454	-283.079827797
5105.0499997545	-0.4236387574	-283.4824239289
5128.6138399141	-0.4167469433	-283.8824969951
5152.286445818	-0.4100014981	-284.280064066
5176.0683195061	-0.403398986	-284.6751422594
5199.9599653356	-0.3969360473	-285.0677487307
5223.9618899916	-0.3906093976	-285.4579006638
5248.0746024982	-0.3844158262	-285.8456152626
5272.2986142287	-0.3783521948	-286.2309097418
5296.634438917	-0.3724154362	-286.6138013197
5321.0825926684	-0.3666025533	-286.9943072097
5345.6435939702	-0.3609106174	-287.3724446134
5370.317963703	-0.3553367675	-287.7482307133
5395.1062251517	-0.3498782084	-288.1216826661
5420.0089040167	-0.3445322097	-288.4928175966
5445.0265284247	-0.3392961047	-288.8616525912
5470.1596289402	-0.334167289	-289.2282046923
5495.4087385767	-0.3291432193	-289.5924908927
5520.774392808	-0.3242214123	-289.9545281306
5546.2571295796	-0.3193994431	-290.3143332845
5571.8574893198	-0.3146749446	-290.6719231683
5597.5760149516	-0.3100456058	-291.0273145273
5623.413251904	-0.3055091709	-291.3805240336
5649.3697481235	-0.301063438	-291.7315682826
5675.446054086	-0.2967062582	-292.0804637886
5701.642722808	-0.2924355341	-292.427226982
5727.9603098588	-0.2882492192	-292.7718742056
5754.3993733721	-0.2841453161	-293.1144217117
5780.9604740577	-0.2801218762	-293.4548856589
5807.6441752136	-0.2761769982	-293.7932821098
5834.4510427379	-0.2723088269	-294.1296270283
5861.3816451408	-0.2685155526	-294.4639362772
5888.4365535564	-0.2647954098	-294.7962256161
5915.6163417552	-0.2611466763	-295.1265106992
5942.9215861562	-0.2575676723	-295.454807074
5970.3528658389	-0.2540567591	-295.7811301788
5997.9107625556	-0.2506123387	-296.1054953417
6025.5958607441	-0.2472328522	-296.4279177791
6053.4087475397	-0.2439167795	-296.7484125941
6081.3500127877	-0.2406626381	-297.0669947758
6109.4202490563	-0.2374689823	-297.3836791977
6137.6200516485	-0.2343344023	-297.6984806173
6165.9500186154	-0.2312575233	-298.0114136749
6194.4107507684	-0.2282370047	-298.3224928931
6223.0028516921	-0.2252715394	-298.631732676
6251.7269277574	-0.222359853	-298.9391473089
6280.5835881337	-0.2195007027	-299.2447509577
6309.5734448025	-0.216692877	-299.5485576686
6338.6971125698	-0.2139351946	-299.8505813678
6367.9552090797	-0.2112265039	-300.1508358616
6397.348354827	-0.2085656819	-300.4493348357
6426.8771731708	-0.2059516341	-300.7460918558
6456.5422903471	-0.2033832933	-301.0411203673
6486.344335483	-0.2008596191	-301.3344336956
6516.283940609	-0.1983795972	-301.6260450459
6546.3617406733	-0.1959422389	-301.9159675039
6576.5783735548	-0.1935465803	-302.2042140356
6606.9344800765	-0.1911916818	-302.490797488
6637.4307040197	-0.1888766274	-302.7757305895
6668.0676921368	-0.186600524	-303.0590259498
6698.8460941659	-0.1843625013	-303.340696061
6729.7665628438	-0.1821617107	-303.6207532978
6760.8297539204	-0.179997325	-303.899209918
6792.0363261724	-0.1778685377	-304.1760780633
6823.3869414173	-0.1757745628	-304.4513697598
6854.8822645272	-0.173714634	-304.7250969185
6886.5229634434	-0.1716880043	-304.9972713362
6918.30970919	-0.1696939454	-305.2679046962
6950.2431758886	-0.1677317475	-305.537008569
6982.3240407723	-0.1658007184	-305.8045944129
7014.5529842003	-0.1639001835	-306.0706735751
7046.9306896721	-0.162029485	-306.3352572921
7079.457843842	-0.1601879817	-306.5983566909
7112.1351365339	-0.1583750486	-306.8599827897
7144.9632607558	-0.156590076	-307.1201464987
7177.9429127143	-0.15483247	-307.378858621
7211.0747918296	-0.1531016511	-307.6361298537
7244.3596007505	-0.1513970545	-307.8919707882
7277.7980453689	-0.1497181297	-308.146391912
7311.3908348348	-0.1480643395	-308.3994036089
7345.1386815718	-0.1464351606	-308.65101616
7379.0423012917	-0.1448300824	-308.9012397451
7413.1024130098	-0.1432486072	-309.1500844433
7447.3197390606	-0.1416902496	-309.397560234
7481.6950051122	-0.1401545363	-309.6436769976
7516.2289401827	-0.1386410057	-309.888444517
7550.922276655	-0.1371492077	-310.1318724783
7585.7757502925	-0.1356787032	-310.3739704716
7620.7901002548	-0.1342290643	-310.6147479921
7655.9660691132	-0.1327998732	-310.8542144411
7691.3044028668	-0.1313907228	-311.0923791272
7726.8058509577	-0.1300012158	-311.3292512667
7762.4711662876	-0.1286309647	-311.5648399849
7798.3011052333	-0.1272795916	-311.7991543173
7834.2964276628	-0.1259467278	-312.0322032101
7870.4578969517	-0.1246320134	-312.2639955214
7906.786279999	-0.1233350978	-312.4945400224
7943.2823472435	-0.1220556383	-312.7238453976
7979.9468726805	-0.1207933011	-312.9519202467
8016.7806338775	-0.1195477602	-313.178773085
8053.7844119914	-0.1183186976	-313.4044123442
8090.9589917846	-0.1171058028	-313.6288463739
8128.3051616417	-0.1159087731	-313.8520834419
8165.8237135867	-0.1147273128	-314.0741317358
8203.5154432989	-0.1135611334	-314.2949993633
8241.3811501308	-0.1124099535	-314.5146943533
8279.4216371241	-0.111273498	-314.7332246572
8317.6377110275	-0.1101514989	-314.9505981494
8356.0301823132	-0.109043694	-315.166822628
8394.5998651947	-0.1079498278	-315.3819058163
8433.3475776435	-0.1068696506	-315.5958553634
8472.2741414067	-0.1058029187	-315.8086788447
8511.3803820245	-0.1047493939	-316.0203837633
8550.6671288476	-0.1037088439	-316.2309775509
8590.1352150547	-0.1026810417	-316.440467568
8629.7854776705	-0.1016657656	-316.6488611053
8669.618757583	-0.100662799	-316.8561653847
8709.6358995616	-0.0996719304	-317.0623875593
8749.8377522752	-0.0986929532	-317.2675347152
8790.2251683096	-0.0977256655	-317.4716138716
8830.7990041864	-0.09676987	-317.6746319821
8871.5601203804	-0.0958253741	-317.8765959349
8912.5093813383	-0.0948919895	-318.0775125543
8953.6476554968	-0.093969532	-318.277388601
8994.9758153012	-0.0930578219	-318.4762307729
9036.4947372238	-0.0921566833	-318.6740457061
9078.2053017827	-0.0912659444	-318.8708399754
9120.1083935599	-0.0903854372	-319.0666200953
9162.2049012208	-0.0895149975	-319.2613925205
9204.4957175326	-0.0886544646	-319.4551636466
9246.9817393831	-0.0878036815	-319.6479398112
9289.6638678002	-0.0869624947	-319.8397272942
9332.5430079708	-0.0861307541	-320.0305323187
9375.6200692597	-0.0853083126	-320.2203610516
9418.8959652293	-0.0844950266	-320.4092196043
9462.3716136588	-0.0836907556	-320.5971140335
9506.0479365637	-0.082895362	-320.7840503418
9549.9258602152	-0.0821087112	-320.9700344784
9594.0063151602	-0.0813306716	-321.1550723394
9638.2902362406	-0.0805611144	-321.339169769
9682.7785626134	-0.0797999133	-321.5223325598
9727.4722377706	-0.0790469449	-321.7045664536
9772.372209559	-0.0783020883	-321.8858771417
9817.4794302008	-0.0775652253	-322.066270266
9862.794856313	-0.0768362399	-322.2457514191
9908.3194489286	-0.0761150188	-322.4243261452
9954.0541735162	-0.0754014507	-322.6019999408
10000.0000000009	-0.074695427	-322.778778255
10046.1579027849	-0.0739968408	-322.9546664899
10092.5288607678	-0.073305588	-323.1296700019
10139.1138573677	-0.072621566	-323.3037941015
10185.9138805421	-0.0719446747	-323.4770440542
10232.9299228085	-0.0712748158	-323.6494250811
10280.1629812657	-0.070611893	-323.8209423592
10327.6140576149	-0.069955812	-323.9916010221
10375.2841581811	-0.0693064802	-324.1614061605
10423.174293934	-0.068663807	-324.3303628227
10471.28548051	-0.0680277033	-324.4984760151
10519.6187382332	-0.067398082	-324.6657507025
10568.1750921376	-0.0667748575	-324.8321918091
10616.9555719882	-0.066157946	-324.9978042184
10665.9612123036	-0.0655472651	-325.1625927743
10715.1930523771	-0.0649427342	-325.3265622808
10764.6521362994	-0.064344274	-325.4897175031
10814.3395129804	-0.0637518067	-325.652063168
10864.2562361717	-0.0631652562	-325.8136039641
10914.4033644886	-0.0625845476	-325.9743445421
10964.7819614329	-0.0620096072	-326.1342895158
11015.3930954152	-0.0614403631	-326.2934434623
11066.2378397777	-0.0608767444	-326.451810922
11117.317272817	-0.0603186815	-326.6093963996
11168.6324778067	-0.059766106	-326.7662043643
11220.1845430207	-0.059218951	-326.9222392502
11271.9745617562	-0.0586771505	-327.0775054567
11324.0036323566	-0.0581406398	-327.2320073489
11376.2728582354	-0.0576093553	-327.3857492579
11428.7833478988	-0.0570832344	-327.5387354815
11481.5362149699	-0.0565622158	-327.6909702841
11534.532578212	-0.056046239	-327.8424578977
11587.7735615524	-0.0555352448	-327.9932025217
11641.260294106	-0.0550291747	-328.1432083234
11694.9939101998	-0.0545279716	-328.2924794386
11748.9755493964	-0.0540315788	-328.4410199718
11803.2063565184	-0.0535399411	-328.5888339965
11857.6874816727	-0.0530530039	-328.7359255556
11912.4200802749	-0.0525707134	-328.8822986619
11967.4053130736	-0.052093017	-329.0279572979
12022.6443461753	-0.0516198627	-329.172905417
12078.138351069	-0.0511511994	-329.3171469429
12133.8885046509	-0.0506869768	-329.4606857705
12189.8959892498	-0.0502271455	-329.6035257663
12246.1619926517	-0.0497716568	-329.7456707681
12302.687708125	-0.0493204627	-329.887124586
12359.4743344463	-0.048873516	-330.0278910023
12416.5230759253	-0.0484307703	-330.1679737718
12473.8351424306	-0.0479921798	-330.3073766223
12531.4117494154	-0.0475576995	-330.4461032548
12589.2541179429	-0.0471272849	-330.5841573437
12647.3634747127	-0.0467008923	-330.7215425372
12705.7410520866	-0.0462784788	-330.8582624575
12764.3880881147	-0.0458600017	-330.9943207012
12823.3058265614	-0.0454454195	-331.1297208393
12882.4955169326	-0.0450346908	-331.2644664179
12941.9584145011	-0.044627775	-331.3985609579
13001.6957803342	-0.0442246322	-331.5320079558
13061.7088813197	-0.0438252229	-331.6648108838
13121.9989901933	-0.0434295082	-331.7969731896
13182.5673855653	-0.0430374498	-331.9284982974
13243.4153519479	-0.0426490098	-332.0593896076
13304.5441797822	-0.0422641511	-332.1896504974
13365.9551654657	-0.0418828369	-332.3192843205
13427.6496113799	-0.0415050308	-332.4482944081
13489.6288259178	-0.0411306972	-332.5766840684
13551.8941235117	-0.0407598008	-332.7044565873
13614.4468246608	-0.0403923067	-332.8316152285
13677.2882559598	-0.0400281807	-332.9581632336
13740.4197501265	-0.0396673888	-333.0841038225
13803.8426460302	-0.0393098977	-333.2094401935
13867.5582887202	-0.0389556743	-333.3341755235
13931.5680294544	-0.0386046861	-333.4583129685
13995.8732257275	-0.0382569009	-333.5818556632
14060.4752413005	-0.037912287	-333.7048067219
14125.3754462289	-0.0375708131	-333.8271692381
14190.5752168923	-0.0372324482	-333.9489462852
14256.0759360233	-0.0368971618	-334.0701409163
14321.8789927368	-0.0365649238	-334.1907561647
14387.9857825599	-0.0362357043	-334.3107950438
14454.3977074607	-0.035909474	-334.4302605477
14521.1161758788	-0.0355862038	-334.5491556509
14588.1426027549	-0.035265865	-334.6674833087
14655.4784095606	-0.0349484293	-334.7852464576
14723.1250243286	-0.0346338686	-334.902448015
14791.0838816835	-0.0343221553	-335.01909088
14859.3564228715	-0.0340132621	-335.1351779328
14927.9440957914	-0.0337071619	-335.2507120357
14996.8483550252	-0.0334038281	-335.3656960327
15066.0706618689	-0.0331032342	-335.4801327496
15135.6124843636	-0.0328053542	-335.5940249948
15205.4752973265	-0.0325101624	-335.7073755588
15275.6605823822	-0.0322176332	-335.8201872148
15346.1698279945	-0.0319277414	-335.9324627184
15417.0045294971	-0.0316404623	-336.0442048083
15488.1661891263	-0.031355771	-336.1554162061
15559.6563160523	-0.0310736434	-336.2660996165
15631.4764264111	-0.0307940554	-336.3762577276
15703.6280433371	-0.0305169831	-336.4858932108
15776.112696995	-0.0302424031	-336.5950087211
15848.9319246127	-0.0299702921	-336.7036068974
15922.0872705133	-0.029700627	-336.8116903624
15995.5802861483	-0.0294333851	-336.9192617226
16069.4125301304	-0.0291685439	-337.026323569
16143.5855682665	-0.0289060811	-337.1328784766
16218.1009735909	-0.0286459747	-337.238929005
16292.9603263988	-0.0283882029	-337.3444776984
16368.1652142797	-0.0281327441	-337.4495270854
16443.717232151	-0.0278795771	-337.5540796799
16519.6179822918	-0.0276286806	-337.6581379802
16595.8690743773	-0.0273800339	-337.7617044702
16672.4721255123	-0.0271336163	-337.8647816186
16749.428760266	-0.0268894073	-337.9673718796
16826.7406107064	-0.0266473866	-338.069477693
16904.4093164343	-0.0264075343	-338.1711014839
16982.4365246191	-0.0261698306	-338.2722456632
17060.8238900329	-0.0259342558	-338.3729126278
17139.573075086	-0.0257007905	-338.4731047601
17218.6857498618	-0.0254694155	-338.5728244291
17298.1635921528	-0.0252401119	-338.6720739894
17378.0082874955	-0.0250128606	-338.7708557822
17458.2215292068	-0.0247876432	-338.8691721351
17538.8050184194	-0.0245644412	-338.967025362
17619.7604641181	-0.0243432363	-339.0644177635
17701.089583176	-0.0241240104	-339.161351627
17782.794100391	-0.0239067457	-339.2578292266
17864.8757485223	-0.0236914244	-339.3538528232
17947.3362683271	-0.0234780289	-339.449424665
18030.1774085975	-0.0232665419	-339.5445469872
18113.4009261979	-0.0230569461	-339.6392220121
18197.0085861017	-0.0228492246	-339.7334519494
18281.0021614293	-0.0226433605	-339.8272389964
18365.3834334853	-0.022439337	-339.9205853376
18450.1541917966	-0.0222371376	-340.0134931454
18535.31623415	-0.0220367459	-340.1059645798
18620.8713666306	-0.0218381457	-340.1980017886
18706.8214036599	-0.0216413209	-340.2896069074
18793.1681680346	-0.0214462556	-340.3807820601
18879.9134909648	-0.0212529341	-340.4715293582
18967.0592121134	-0.0210613407	-340.5618509019
19054.6071796344	-0.0208714599	-340.6517487792
19142.5592502128	-0.0206832764	-340.7412250668
19230.9172891035	-0.0204967751	-340.8302818297
19319.6831701712	-0.0203119409	-340.9189211214
19408.8587759297	-0.020128759	-341.0071449839
19498.4459975824	-0.0199472145	-341.0949554482
19588.4467350619	-0.0197672928	-341.1823545337
19678.8628970704	-0.0195889796	-341.269344249
19769.6964011206	-0.0194122604	-341.3559265915
19860.9491735757	-0.019237121	-341.4421035475
19952.6231496908	-0.0190635474	-341.5278770925
20044.7202736537	-0.0188915255	-341.6132491912
20137.2424986259	-0.0187210417	-341.6982217976
20230.1917867848	-0.0185520822	-341.7827968549
20323.5701093643	-0.0183846334	-341.8669762958
20417.3794466974	-0.018218682	-341.9507620424
20511.6217882578	-0.0180542145	-342.0341560065
20606.2991327021	-0.0178912178	-342.1171600895
20701.4134879125	-0.0177296788	-342.1997761823
20796.9668710391	-0.0175695846	-342.2820061658
20892.9613085425	-0.0174109224	-342.3638519107
20989.3988362374	-0.0172536793	-342.4453152776
21086.2814993351	-0.0170978429	-342.5263981171
21183.6113524872	-0.0169434007	-342.6071022699
21281.3904598293	-0.0167903401	-342.6874295667
21379.6208950245	-0.0166386491	-342.7673818284
21478.3047413076	-0.0164883154	-342.8469608665
21577.4440915289	-0.016339327	-342.9261684823
21677.0410481992	-0.016191672	-343.005006468
21777.0977235338	-0.0160453386	-343.0834766059
21877.6162394978	-0.0159003149	-343.161580669
21978.5987278505	-0.0157565895	-343.2393204208
22080.0473301913	-0.0156141508	-343.3166976155
22181.9641980045	-0.0154729874	-343.3937139982
22284.3514927054	-0.015333088	-343.4703713043
22387.2113856857	-0.0151944413	-343.5466712606
22490.5460583601	-0.0150570364	-343.6226155844
22594.3577022121	-0.0149208621	-343.6982059841
22698.6485188406	-0.0147859077	-343.7734441592
22803.4207200066	-0.0146521622	-343.8483318001
22908.6765276801	-0.014519615	-343.9228705885
23014.4181740875	-0.0143882554	-343.9970621973
23120.6479017584	-0.0142580729	-344.0709082904
23227.3679635735	-0.0141290572	-344.1444105234
23334.5806228125	-0.0140011978	-344.2175705429
23442.2881532017	-0.0138744845	-344.2903899873
23550.4928389626	-0.0137489072	-344.362870486
23659.1969748601	-0.0136244558	-344.4350136605
23768.4028662513	-0.0135011203	-344.5068211233
23878.1128291343	-0.0133788908	-344.578294479
23988.3291901974	-0.0132577576	-344.6494353237
24099.0542868685	-0.013137711	-344.7202452453
24210.2904673643	-0.0130187412	-344.7907258234
24322.0400907407	-0.0129008388	-344.8608786296
24434.3055269423	-0.0127839943	-344.9307052273
24547.0891568529	-0.0126681983	-345.0002071718
24660.393372346	-0.0125534415	-345.0693860106
24774.2205763355	-0.0124397148	-345.1382432831
24888.5731828265	-0.012327009	-345.2067805209
25003.453616967	-0.0122153151	-345.2749992475
25118.8643150985	-0.012104624	-345.3429009791
25234.8077248084	-0.0119949269	-345.4104872236
25351.2863049818	-0.011886215	-345.4777594815
25468.3025258531	-0.0117784796	-345.5447192457
25585.8588690592	-0.0116717119	-345.6113680013
25703.9578276914	-0.0115659035	-345.6777072259
25822.6019063487	-0.0114610457	-345.7437383896
25941.7936211909	-0.0113571303	-345.8094629551
26061.5354999917	-0.0112541487	-345.8748823777
26181.8300821926	-0.0111520928	-345.939998105
26302.6799189566	-0.0110509543	-346.0048115777
26424.0875732223	-0.0109507251	-346.0693242289
26546.0556197582	-0.0108513971	-346.1335374846
26668.5866452176	-0.0107529623	-346.1974527635
26791.6832481932	-0.0106554128	-346.2610714774
26915.348039272	-0.0105587407	-346.3243950305
27039.5836410913	-0.0104629383	-346.3874248205
27164.3926883937	-0.0103679977	-346.4501622376
27289.7778280833	-0.0102739115	-346.5126086652
27415.7417192817	-0.0101806719	-346.5747654797
27542.2870333846	-0.0100882715	-346.6366340508
27669.4164541181	-0.0099967028	-346.698215741
27797.1326775959	-0.0099059584	-346.7595119062
27925.4384123764	-0.009816031	-346.8205238954
28054.3363795201	-0.0097269134	-346.881253051
28183.8293126476	-0.0096385982	-346.9417007085
28313.9199579968	-0.0095510785	-347.0018681969
28444.6110744822	-0.0094643471	-347.0617568384
28575.9054337525	-0.009378397	-347.1213679488
28707.80582025	-0.0092932214	-347.1807028371
28840.3150312692	-0.0092088131	-347.2397628061
28973.4358770163	-0.0091251656	-347.2985491519
29107.1711806692	-0.0090422719	-347.3570631642
29241.5237784365	-0.0089601254	-347.4153061263
29376.4965196185	-0.0088787195	-347.4732793152
29512.092266667	-0.0087980475	-347.5309840014
29648.3138952466	-0.0087181029	-347.5884214493
29785.1642942951	-0.0086388792	-347.6455929169
29922.6463660851	-0.0085603701	-347.7024996562
30060.7630262855	-0.0084825691	-347.7591429126
30199.5172040234	-0.00840547	-347.8155239258
30338.911841946	-0.0083290664	-347.871643929
30478.9498962831	-0.0082533522	-347.9275041497
30619.6343369101	-0.0081783213	-347.983105809
30760.9681474104	-0.0081039675	-348.0384501221
30902.9543251393	-0.0080302849	-348.0935382984
31045.5958812869	-0.0079572674	-348.1483715411
31188.8958409427	-0.0078849091	-348.2029510475
31332.8572431593	-0.0078132041	-348.2572780093
31477.4831410166	-0.0077421467	-348.311353612
31622.7766016872	-0.0076717309	-348.3651790355
31768.7407065012	-0.0076019512	-348.4187554538
31915.3785510111	-0.0075328018	-348.4720840352
32062.6932450581	-0.0074642771	-348.5251659424
32210.6879128379	-0.0073963715	-348.5780023321
32359.3656929663	-0.0073290794	-348.6305943557
32508.729738547	-0.0072623955	-348.6829431588
32658.7832172371	-0.0071963143	-348.7350498813
32809.5293113155	-0.0071308304	-348.7869156577
32960.9712177494	-0.0070659384	-348.8385416169
33113.1121482627	-0.0070016331	-348.8899288823
33265.9553294041	-0.0069379093	-348.9410785718
33419.5040026151	-0.0068747616	-348.991991798
33573.7614242991	-0.0068121851	-349.042669668
33728.7308658906	-0.0067501745	-349.0931132833
33884.415613924	-0.0066887248	-349.1433237403
34040.8189701038	-0.006627831	-349.1933021301
34197.9442513746	-0.0065674881	-349.2430495383
34355.7947899912	-0.0065076912	-349.2925670454
34514.3739335894	-0.0064484355	-349.3418557266
34673.685045257	-0.006389716	-349.3909166519
34833.731503605	-0.0063315279	-349.439750886
34994.5167028396	-0.0062738666	-349.4883594886
35156.0440528337	-0.0062167272	-349.5367435142
35318.3169791996	-0.0061601052	-349.5849040122
35481.3389233615	-0.0061039958	-349.632842027
35645.1133426284	-0.0060483945	-349.6805585978
35809.6437102676	-0.0059932967	-349.7280547589
35974.9335155782	-0.005938698	-349.7753315396
36140.9862639653	-0.0058845938	-349.8223899642
36307.8054770141	-0.0058309797	-349.8692310519
36475.3946925648	-0.0057778514	-349.9158558174
36643.7574647874	-0.0057252044	-349.9622652701
36812.8973642572	-0.0056730344	-350.0084604148
36982.8179780307	-0.0056213373	-350.0544422512
37153.5229097214	-0.0055701086	-350.1002117744
37325.0157795762	-0.0055193443	-350.1457699747
37497.3002245525	-0.0054690401	-350.1911178376
37670.3798983951	-0.005419192	-350.2362563439
37844.2584717135	-0.0053697957	-350.2811864695
38018.9396320603	-0.0053208474	-350.3259091859
38194.4270840089	-0.0052723429	-350.3704254596
38370.7245492322	-0.0052242783	-350.4147362529
38547.8357665815	-0.0051766495	-350.4588425231
38725.764492166	-0.0051294528	-350.5027452231
38904.5144994324	-0.0050826842	-350.5464453012
39084.0895792446	-0.0050363399	-350.589943701
39264.4935399644	-0.004990416	-350.6332413619
39445.7302075323	-0.0049449088	-350.6763392186
39627.8034255484	-0.0048998145	-350.7192382013
39810.7170553542	-0.0048551295	-350.7619392359
39994.4749761142	-0.00481085	-350.8044432436
40179.0810848985	-0.0047669724	-350.8467511416
40364.539296765	-0.004723493	-350.8888638423
40550.8535448429	-0.0046804084	-350.9307822541
40738.0277804158	-0.0046377148	-350.9725072808
40926.0659730057	-0.0045954089	-351.014039822
41114.9721104568	-0.0045534872	-351.0553807731
41304.7501990208	-0.0045119461	-351.096531025
41495.404263441	-0.0044707823	-351.1374914646
41686.9383470382	-0.0044299923	-351.1782629744
41879.3565117965	-0.0043895728	-351.2188464327
42072.6628384491	-0.0043495204	-351.2592427138
42266.8614265651	-0.0043098319	-351.2994526876
42461.9563946361	-0.0042705039	-351.33947722
42657.9518801641	-0.0042315333	-351.3793171728
42854.8520397488	-0.0041929167	-351.4189734037
43052.6610491759	-0.0041546511	-351.4584467661
43251.3831035058	-0.0041167331	-351.4977381096
43451.0224171621	-0.0040791598	-351.5368482798
43651.5832240215	-0.004041928	-351.5757781181
43853.0697775035	-0.0040050346	-351.6145284619
44055.4863506603	-0.0039684766	-351.6531001448
44258.8372362677	-0.0039322509	-351.6914939962
44463.1267469159	-0.0038963545	-351.729710842
44668.3592151014	-0.0038607845	-351.7677515036
44874.5389933183	-0.003825538	-351.805616799
45081.6704541511	-0.0037906119	-351.843307542
45289.7579903672	-0.0037560035	-351.8808245428
45498.80601501	-0.0037217098	-351.9181686075
45708.8189614927	-0.003687728	-351.9553405386
45919.8012836921	-0.0036540553	-351.9923411347
46131.7574560432	-0.0036206889	-352.0291711907
46344.6919736341	-0.003587626	-352.0658314976
46558.6093523012	-0.0035548639	-352.1023228428
46773.5141287252	-0.0035223999	-352.1386460098
46989.4108605269	-0.0034902313	-352.1748017787
47206.3041263644	-0.0034583554	-352.2107909256
47424.1985260299	-0.0034267695	-352.2466142231
47643.098680547	-0.0033954711	-352.2822724402
47863.0092322693	-0.0033644576	-352.317766342
48083.9348449784	-0.0033337263	-352.3530966903
48305.8802039828	-0.0033032747	-352.3882642432
48528.8500162177	-0.0032731004	-352.4232697551
48752.8490103442	-0.0032432007	-352.458113977
48977.8819368502	-0.0032135732	-352.4927976563
49203.9535681507	-0.0031842154	-352.5273215369
49431.0686986892	-0.003155125	-352.5616863591
49659.2321450393	-0.0031262994	-352.5958928598
49888.448746007	-0.0030977363	-352.6299417725
50118.723362733	-0.0030694333	-352.6638338271
50350.0608787963	-0.0030413881	-352.6975697501
50582.4662003172	-0.0030135983	-352.7311502646
50815.9442560619	-0.0029860616	-352.7645760904
51050.4999975465	-0.0029587757	-352.7978479437
51286.1383991424	-0.0029317384	-352.8309665374
51522.8644581816	-0.0029049474	-352.8639325812
51760.6831950628	-0.0028784004	-352.8967467813
51999.5996533576	-0.0028520953	-352.9294098407
52239.618899918	-0.0028260299	-352.9619224589
52480.7460249833	-0.0028002019	-352.9942853323
52722.9861422884	-0.0027746093	-353.026499154
52966.3443891719	-0.0027492499	-353.0585646138
53210.8259266856	-0.0027241217	-353.0904823983
53456.4359397034	-0.0026992224	-353.1222531907
53703.1796370315	-0.00267455	-353.1538776714
53951.062251519	-0.0026501025	-353.1853565171
54200.0890401687	-0.0026258779	-353.2166904017
54450.2652842485	-0.0026018741	-353.2478799959
54701.5962894035	-0.002578089	-353.2789259669
54954.0873857689	-0.0025545208	-353.3098289793
55207.7439280822	-0.0025311675	-353.3405896942
55462.5712957975	-0.0025080271	-353.3712087698
55718.5748931995	-0.0024850977	-353.401686861
55975.7601495176	-0.0024623773	-353.4320246199
56234.1325190415	-0.0024398641	-353.4622226954
56493.6974812369	-0.0024175562	-353.4922817333
56754.4605408614	-0.0023954517	-353.5222023765
57016.4272280814	-0.0023735488	-353.5519852648
57279.6030985896	-0.0023518457	-353.5816310351
57543.9937337224	-0.0023303405	-353.6111403213
57809.6047405786	-0.0023090315	-353.6405137542
58076.441752138	-0.0022879168	-353.6697519617
58344.5104273813	-0.0022669948	-353.698855569
58613.8164514097	-0.0022462635	-353.7278251981
58884.3655355658	-0.0022257214	-353.7566614681
59156.1634175543	-0.0022053668	-353.7853649953
59429.2158615642	-0.0021851978	-353.8139363932
59703.5286583907	-0.0021652128	-353.8423762723
59979.107625558	-0.0021454102	-353.8706852401
60255.9586074429	-0.0021257882	-353.8988639017
60534.0874753985	-0.0021063453	-353.9269128589
60813.5001278789	-0.0020870799	-353.9548327111
61094.2024905644	-0.0020679902	-353.9826240545
61376.2005164867	-0.0020490747	-354.0102874828
61659.5001861555	-0.0020303319	-354.0378235869
61944.1075076854	-0.0020117601	-354.0652329549
62230.0285169233	-0.0019933579	-354.092516172
62517.269277576	-0.0019751236	-354.1196738208
62805.8358813392	-0.0019570557	-354.1467064814
63095.7344480268	-0.0019391528	-354.1736147309
63386.9711257002	-0.0019214133	-354.2003991436
63679.5520907991	-0.0019038357	-354.2270602916
63973.4835482724	-0.0018864186	-354.2535987439
64268.7717317096	-0.0018691606	-354.2800150669
64565.4229034732	-0.00185206	-354.3063098247
64863.4433548315	-0.0018351156	-354.3324835783
65162.839406092	-0.001818326	-354.3585368864
65463.6174067352	-0.0018016896	-354.3844703049
65765.7837355498	-0.0017852051	-354.4102843874
66069.3448007674	-0.0017688712	-354.4359796846
66374.3070401988	-0.0017526864	-354.4615567448
66680.6769213701	-0.0017366494	-354.4870161137
66988.4609416606	-0.0017207589	-354.5123583345
67297.6656284398	-0.0017050135	-354.5375839478
67608.2975392062	-0.0016894119	-354.5626934917
67920.3632617265	-0.0016739528	-354.5876875019
68233.8694141751	-0.0016586349	-354.6125665115
68548.8226452743	-0.0016434569	-354.6373310512
68865.2296344358	-0.0016284176	-354.661981649
69183.0970919019	-0.0016135156	-354.6865188308
69502.431758888	-0.0015987498	-354.7109431198
69823.2404077255	-0.0015841188	-354.7352550368
70145.5298420055	-0.0015696215	-354.7594551003
70469.3068967231	-0.0015552567	-354.7835438262
70794.5784384223	-0.0015410231	-354.8075217281
71121.3513653414	-0.0015269195	-354.8313893174
71449.6326075599	-0.0015129448	-354.8551471027
71779.4291271448	-0.0014990978	-354.8787955906
72110.7479182986	-0.0014853773	-354.9023352852
72443.5960075077	-0.0014717821	-354.9257666883
72777.9804536911	-0.0014583112	-354.9490902992
73113.9083483505	-0.0014449634	-354.9723066152
73451.3868157203	-0.0014317376	-354.995416131
73790.4230129189	-0.0014186326	-355.0184193392
74131.0241301006	-0.0014056474	-355.04131673
74473.1973906078	-0.0013927809	-355.0641087913
74816.9500511244	-0.0013800319	-355.0867960087
75162.2894018296	-0.0013673995	-355.1093788659
75509.2227665525	-0.0013548825	-355.1318578438
75857.7575029275	-0.00134248	-355.1542334214
76207.9010025504	-0.0013301908	-355.1765060756
76559.6606911349	-0.0013180139	-355.1986762807
76913.0440286703	-0.0013059484	-355.2207445091
77268.0585095796	-0.0012939931	-355.2427112309
77624.7116628786	-0.0012821471	-355.2645769141
77983.0110523353	-0.0012704094	-355.2863420243
78342.9642766307	-0.001258779	-355.3080070252
78704.5789695194	-0.001247255	-355.3295723783
79067.8627999921	-0.0012358363	-355.3510385428
79432.8234724378	-0.0012245219	-355.372405976
79799.4687268073	-0.0012133111	-355.3936751328
80167.8063387776	-0.0012022027	-355.4148464663
80537.8441199164	-0.0011911959	-355.4359204273
80909.5899178481	-0.0011802897	-355.4568974644
81283.0516164198	-0.0011694833	-355.4777780245
81658.2371358692	-0.0011587756	-355.4985625521
82035.1544329918	-0.0011481659	-355.5192514897
82413.8115013103	-0.0011376532	-355.5398452779
82794.2163712435	-0.0011272366	-355.5603443551
83176.3771102772	-0.0011169153	-355.5807491576
83560.301823135	-0.0011066884	-355.60106012
83945.99865195	-0.001096555	-355.6212776745
84333.4757764378	-0.0010865143	-355.6414022516
84722.74141407	-0.0010765653	-355.6614342796
85113.8038202481	-0.0010667074	-355.6813741849
85506.6712884788	-0.0010569397	-355.701222392
85901.3521505501	-0.0010472613	-355.7209793233
86297.8547767076	-0.0010376714	-355.7406453993
86696.1875758323	-0.0010281692	-355.7602210386
87096.3589956187	-0.0010187539	-355.7797066578
87498.3775227543	-0.0010094247	-355.7991026715
87902.2516830992	-0.0010001809	-355.8184094925
88307.9900418671	-0.0009910217	-355.8376275318
88715.601203807	-0.0009819462	-355.8567571981
89125.0938133855	-0.0009729537	-355.8757988987
89536.4765549704	-0.0009640435	-355.8947530385
89949.7581530146	-0.0009552148	-355.9136200211
90364.9473722413	-0.0009464669	-355.9324002477
90782.0530178297	-0.000937799	-355.951094118
91201.0839356022	-0.0009292104	-355.9697020297
91622.0490122113	-0.0009207004	-355.9882243786
92044.9571753285	-0.0009122682	-356.0066615589
92469.8173938337	-0.0009039132	-356.0250139627
92896.6386780051	-0.0008956346	-356.0432819805
93325.4300797106	-0.0008874318	-356.0614660008
93756.2006925996	-0.000879304	-356.0795664105
94188.9596522958	-0.0008712506	-356.0975835946
94623.716136591	-0.0008632708	-356.1155179363
95060.4793656399	-0.0008553641	-356.1333698171
95499.2586021554	-0.0008475298	-356.1511396167
95940.0631516052	-0.0008397671	-356.1688277131
96382.902362409	-0.0008320754	-356.1864344824
96827.7856261369	-0.0008244542	-356.2039602991
97274.7223777086	-0.0008169026	-356.2214055359
97723.7220955932	-0.0008094202	-356.2387705639
98174.7943020106	-0.0008020063	-356.2560557522
98627.9485631333	-0.0007946602	-356.2732614686
99083.1944892891	-0.0007873813	-356.2903880789
99540.5417351651	-0.000780169	-356.3074359472
100000	-0.0007730228	-356.3244054361
