10	-0.0004220836	-0.6703208212
10.0461579028	-0.0004257117	-0.6734146766
10.0925288608	-0.0004293734	-0.6765228096
10.1391138574	-0.0004330689	-0.6796452863
10.1859138805	-0.0004367986	-0.6827821727
10.2329299228	-0.0004405629	-0.6859335354
10.2801629813	-0.0004443619	-0.6890994411
10.3276140576	-0.0004481961	-0.6922799569
10.3752841582	-0.0004520658	-0.6954751502
10.4231742939	-0.0004559713	-0.6986850887
10.4712854805	-0.0004599129	-0.7019098404
10.5196187382	-0.000463891	-0.7051494736
10.5681750921	-0.0004679058	-0.708404057
10.616955572	-0.0004719579	-0.7116736597
10.6659612123	-0.0004760474	-0.7149583507
10.7151930524	-0.0004801747	-0.7182581998
10.7646521363	-0.0004843402	-0.7215732768
10.814339513	-0.0004885443	-0.724903652
10.8642562362	-0.0004927872	-0.7282493959
10.9144033645	-0.0004970694	-0.7316105796
10.9647819614	-0.0005013913	-0.734987274
11.0153930954	-0.0005057531	-0.7383795509
11.0662378398	-0.0005101552	-0.7417874821
11.1173172728	-0.0005145981	-0.7452111397
11.1686324778	-0.0005190821	-0.7486505964
11.220184543	-0.0005236076	-0.752105925
11.2719745618	-0.0005281749	-0.7555771986
11.3240036324	-0.0005327845	-0.7590644909
11.3762728582	-0.0005374367	-0.7625678757
11.4287833479	-0.000542132	-0.7660874273
11.481536215	-0.0005468707	-0.7696232202
11.5345325782	-0.0005516532	-0.7731753293
11.5877735616	-0.00055648	-0.7767438299
11.6412602941	-0.0005613514	-0.7803287976
11.6949939102	-0.000566268	-0.7839303083
11.7489755494	-0.0005712299	-0.7875484383
11.8032063565	-0.0005762378	-0.7911832643
11.8576874817	-0.0005812921	-0.7948348632
11.9124200803	-0.000586393	-0.7985033125
11.9674053131	-0.0005915412	-0.8021886898
12.0226443462	-0.000596737	-0.8058910732
12.0781383511	-0.0006019809	-0.8096105412
12.1338885046	-0.0006072732	-0.8133471724
12.1898959892	-0.0006126146	-0.8171010462
12.2461619927	-0.0006180053	-0.820872242
12.3026877081	-0.0006234459	-0.8246608396
12.3594743344	-0.0006289368	-0.8284669194
12.4165230759	-0.0006344786	-0.832290562
12.4738351424	-0.0006400716	-0.8361318483
12.5314117494	-0.0006457163	-0.8399908597
12.5892541179	-0.0006514133	-0.8438676779
12.6473634747	-0.000657163	-0.8477623852
12.7057410521	-0.0006629658	-0.8516750639
12.7643880881	-0.0006688223	-0.8556057969
12.8233058266	-0.000674733	-0.8595546675
12.8824955169	-0.0006806984	-0.8635217594
12.9419584145	-0.000686719	-0.8675071565
13.0016957803	-0.0006927953	-0.8715109432
13.0617088813	-0.0006989277	-0.8755332045
13.1219989902	-0.0007051169	-0.8795740253
13.1825673856	-0.0007113634	-0.8836334914
13.2434153519	-0.0007176676	-0.8877116887
13.3045441798	-0.0007240302	-0.8918087036
13.3659551655	-0.0007304516	-0.8959246228
13.4276496114	-0.0007369324	-0.9000595336
13.4896288259	-0.0007434732	-0.9042135234
13.5518941235	-0.0007500745	-0.9083866802
13.6144468247	-0.0007567368	-0.9125790924
13.677288256	-0.0007634608	-0.9167908489
13.7404197501	-0.000770247	-0.9210220388
13.803842646	-0.0007770959	-0.9252727516
13.8675582887	-0.0007840082	-0.9295430774
13.9315680295	-0.0007909844	-0.9338331067
13.9958732257	-0.0007980252	-0.9381429302
14.0604752413	-0.0008051311	-0.9424726393
14.1253754462	-0.0008123027	-0.9468223256
14.1905752169	-0.0008195407	-0.9511920812
14.256075936	-0.0008268456	-0.9555819987
14.3218789927	-0.0008342181	-0.9599921709
14.3879857826	-0.0008416588	-0.9644226913
14.4543977075	-0.0008491683	-0.9688736537
14.5211161759	-0.0008567473	-0.9733451523
14.5881426028	-0.0008643964	-0.9778372818
14.6554784096	-0.0008721163	-0.9823501373
14.7231250243	-0.0008799075	-0.9868838143
14.7910838817	-0.0008877708	-0.9914384089
14.8593564229	-0.0008957069	-0.9960140174
14.9279440958	-0.0009037164	-1.0006107367
14.996848355	-0.0009117999	-1.0052286642
15.0660706619	-0.0009199583	-1.0098678976
15.1356124844	-0.000928192	-1.0145285351
15.2054752973	-0.000936502	-1.0192106754
15.2756605824	-0.0009448888	-1.0239144175
15.346169828	-0.0009533532	-1.0286398612
15.4170045295	-0.0009618959	-1.0333871063
15.4881661891	-0.0009705176	-1.0381562534
15.5596563161	-0.0009792191	-1.0429474035
15.6314764264	-0.000988001	-1.0477606579
15.7036280433	-0.0009968642	-1.0525961185
15.776112697	-0.0010058093	-1.0574538877
15.8489319246	-0.0010148372	-1.0623340683
15.9220872705	-0.0010239486	-1.0672367637
15.9955802861	-0.0010331443	-1.0721620775
16.0694125301	-0.001042425	-1.077110114
16.1435855683	-0.0010517916	-1.0820809779
16.2181009736	-0.0010612448	-1.0870747745
16.2929603264	-0.0010707854	-1.0920916094
16.3681652143	-0.0010804143	-1.0971315888
16.4437172321	-0.0010901322	-1.1021948193
16.5196179823	-0.0010999401	-1.1072814082
16.5958690744	-0.0011098386	-1.112391463
16.6724721255	-0.0011198287	-1.1175250919
16.7494287603	-0.0011299112	-1.1226824035
16.8267406107	-0.0011400869	-1.127863507
16.9044093164	-0.0011503568	-1.133068512
16.9824365246	-0.0011607217	-1.1382975286
17.06082389	-0.0011711824	-1.1435506675
17.1395730751	-0.0011817399	-1.1488280399
17.2186857499	-0.001192395	-1.1541297573
17.2981635922	-0.0012031487	-1.1594559319
17.3780082875	-0.0012140018	-1.1648066766
17.4582215292	-0.0012249553	-1.1701821044
17.5388050184	-0.0012360101	-1.1755823291
17.6197604641	-0.0012471672	-1.1810074649
17.7010895832	-0.0012584274	-1.1864576266
17.7827941004	-0.0012697918	-1.1919329296
17.8648757485	-0.0012812613	-1.1974334895
17.9473362683	-0.0012928369	-1.2029594229
18.0301774086	-0.0013045195	-1.2085108466
18.1134009262	-0.0013163102	-1.2140878781
18.1970085861	-0.0013282099	-1.2196906352
18.2810021614	-0.0013402197	-1.2253192365
18.3653834335	-0.0013523406	-1.2309738011
18.4501541918	-0.0013645735	-1.2366544486
18.5353162341	-0.0013769196	-1.2423612991
18.6208713666	-0.0013893799	-1.2480944734
18.7068214037	-0.0014019554	-1.2538540926
18.793168168	-0.0014146472	-1.2596402786
18.879913491	-0.0014274564	-1.2654531538
18.9670592121	-0.001440384	-1.271292841
19.0546071796	-0.0014534312	-1.2771594639
19.1425592502	-0.0014665991	-1.2830531464
19.2309172891	-0.0014798887	-1.2889740132
19.3196831702	-0.0014933013	-1.2949221895
19.4088587759	-0.0015068378	-1.3008978011
19.4984459976	-0.0015204996	-1.3069009743
19.5884467351	-0.0015342877	-1.312931836
19.6788628971	-0.0015482033	-1.3189905138
19.7696964011	-0.0015622476	-1.3250771358
19.8609491736	-0.0015764218	-1.3311918306
19.9526231497	-0.0015907271	-1.3373347276
20.0447202737	-0.0016051646	-1.3435059565
20.1372424986	-0.0016197357	-1.349705648
20.2301917868	-0.0016344415	-1.3559339329
20.3235701094	-0.0016492833	-1.362190943
20.4173794467	-0.0016642624	-1.3684768106
20.5116217883	-0.0016793799	-1.3747916685
20.6062991327	-0.0016946373	-1.3811356503
20.7014134879	-0.0017100357	-1.3875088899
20.796966871	-0.0017255766	-1.3939115221
20.8929613085	-0.0017412611	-1.4003436823
20.9893988362	-0.0017570907	-1.4068055063
21.0862814993	-0.0017730667	-1.4132971308
21.1836113525	-0.0017891904	-1.4198186929
21.2813904598	-0.0018054632	-1.4263703304
21.379620895	-0.0018218865	-1.4329521819
21.4783047413	-0.0018384616	-1.4395643863
21.5774440915	-0.00185519	-1.4462070835
21.6770410482	-0.0018720731	-1.4528804137
21.7770977235	-0.0018891123	-1.459584518
21.8776162395	-0.001906309	-1.466319538
21.9785987278	-0.0019236648	-1.473085616
22.0800473302	-0.001941181	-1.479882895
22.181964198	-0.0019588592	-1.4867115185
22.2843514927	-0.0019767008	-1.4935716309
22.3872113857	-0.0019947075	-1.500463377
22.4905460584	-0.0020128806	-1.5073869024
22.5943577022	-0.0020312218	-1.5143423535
22.6986485188	-0.0020497325	-1.521329877
22.80342072	-0.0020684144	-1.5283496206
22.9086765277	-0.002087269	-1.5354017325
23.0144181741	-0.002106298	-1.5424863618
23.1206479018	-0.0021255029	-1.5496036579
23.2273679636	-0.0021448853	-1.5567537713
23.3345806228	-0.002164447	-1.5639368529
23.4422881532	-0.0021841895	-1.5711530544
23.550492839	-0.0022041145	-1.5784025282
23.6591969749	-0.0022242238	-1.5856854273
23.7684028662	-0.002244519	-1.5930019056
23.8781128291	-0.0022650018	-1.6003521174
23.9883291902	-0.002285674	-1.6077362181
24.0990542869	-0.0023065374	-1.6151543634
24.2102904674	-0.0023275936	-1.62260671
24.3220400907	-0.0023488444	-1.6300934152
24.4343055269	-0.0023702918	-1.6376146371
24.5470891569	-0.0023919374	-1.6451705344
24.6603933723	-0.0024137831	-1.6527612665
24.7742205763	-0.0024358308	-1.6603869938
24.8885731828	-0.0024580824	-1.6680478771
25.003453617	-0.0024805396	-1.6757440781
25.1188643151	-0.0025032044	-1.6834757593
25.2348077248	-0.0025260788	-1.6912430837
25.351286305	-0.0025491646	-1.6990462154
25.4683025259	-0.0025724638	-1.7068853189
25.5858588691	-0.0025959785	-1.7147605597
25.7039578277	-0.0026197105	-1.7226721039
25.8226019063	-0.0026436618	-1.7306201184
25.9417936212	-0.0026678346	-1.7386047709
26.0615355	-0.0026922309	-1.7466262299
26.1818300822	-0.0027168526	-1.7546846646
26.302679919	-0.002741702	-1.7627802448
26.4240875732	-0.002766781	-1.7709131415
26.5460556198	-0.0027920919	-1.7790835261
26.6685866452	-0.0028176367	-1.7872915709
26.7916832482	-0.0028434177	-1.7955374491
26.9153480393	-0.002869437	-1.8038213345
27.0395836411	-0.0028956967	-1.8121434019
27.1643926884	-0.0029221992	-1.8205038266
27.2897778281	-0.0029489467	-1.828902785
27.4157417193	-0.0029759414	-1.8373404542
27.5422870334	-0.0030031856	-1.845817012
27.6694164541	-0.0030306816	-1.8543326372
27.7971326776	-0.0030584318	-1.8628875092
27.9254384124	-0.0030864384	-1.8714818084
28.0543363795	-0.0031147039	-1.8801157159
28.1838293126	-0.0031432306	-1.8887894138
28.313919958	-0.003172021	-1.8975030847
28.4446110745	-0.0032010775	-1.9062569124
28.5759054337	-0.0032304025	-1.9150510813
28.7078058202	-0.0032599986	-1.9238857767
28.8403150313	-0.0032898682	-1.9327611848
28.973435877	-0.0033200138	-1.9416774926
29.1071711807	-0.003350438	-1.9506348879
29.2415237784	-0.0033811434	-1.9596335594
29.3764965196	-0.0034121326	-1.9686736967
29.5120922667	-0.0034434081	-1.9777554903
29.6483138952	-0.0034749727	-1.9868791313
29.7851642943	-0.003506829	-1.9960448119
29.9226463661	-0.0035389796	-2.0052527252
30.0607630263	-0.0035714274	-2.0145030652
30.199517204	-0.003604175	-2.0237960265
30.3389118419	-0.0036372253	-2.0331318048
30.4789498963	-0.0036705809	-2.0425105968
30.6196343369	-0.0037042448	-2.0519325998
30.7609681474	-0.0037382197	-2.0613980122
30.9029543251	-0.0037725086	-2.0709070333
31.0455958813	-0.0038071143	-2.0804598632
31.1888958409	-0.0038420398	-2.0900567029
31.3328572432	-0.003877288	-2.0996977545
31.477483141	-0.0039128618	-2.1093832209
31.6227766017	-0.0039487644	-2.1191133058
31.7687407065	-0.0039849987	-2.1288882139
31.915378551	-0.0040215678	-2.1387081511
32.0626932451	-0.0040584748	-2.1485733237
32.2106879128	-0.0040957227	-2.1584839394
32.359365693	-0.0041333148	-2.1684402067
32.5087297385	-0.0041712543	-2.1784423349
32.6587832172	-0.0042095442	-2.1884905345
32.8095293113	-0.0042481879	-2.1985850166
32.9609712177	-0.0042871886	-2.2087259937
33.1131121483	-0.0043265496	-2.2189136789
33.2659553294	-0.0043662742	-2.2291482865
33.4195040026	-0.0044063659	-2.2394300316
33.5737614243	-0.0044468279	-2.2497591303
33.7287308659	-0.0044876637	-2.2601357998
33.8844156139	-0.0045288767	-2.2705602582
34.0408189701	-0.0045704704	-2.2810327245
34.1979442514	-0.0046124484	-2.2915534189
34.35579479	-0.0046548141	-2.3021225624
34.5143739336	-0.0046975712	-2.3127403771
34.6736850453	-0.0047407232	-2.3234070861
34.8337315036	-0.0047842739	-2.3341229134
34.9945167028	-0.0048282268	-2.3448880842
35.1560440528	-0.0048725856	-2.3557028245
35.3183169792	-0.0049173542	-2.3665673615
35.4813389234	-0.0049625363	-2.3774819234
35.6451133426	-0.0050081357	-2.3884467393
35.8096437103	-0.0050541563	-2.3994620395
35.9749335156	-0.0051006019	-2.4105280552
36.140986264	-0.0051474765	-2.4216450187
36.307805477	-0.005194784	-2.4328131634
36.4753946926	-0.0052425284	-2.4440327237
36.6437574648	-0.0052907137	-2.455303935
36.8128973643	-0.005339344	-2.4666270339
36.982817978	-0.0053884235	-2.478002258
37.1535229097	-0.0054379561	-2.4894298459
37.3250157796	-0.0054879462	-2.5009100373
37.4973002245	-0.0055383979	-2.512443073
37.6703798984	-0.0055893155	-2.524029195
37.8442584717	-0.0056407033	-2.5356686463
38.0189396321	-0.0056925656	-2.5473616708
38.194427084	-0.0057449068	-2.5591085138
38.3707245492	-0.0057977313	-2.5709094216
38.5478357666	-0.0058510435	-2.5827646415
38.7257644922	-0.005904848	-2.594674422
38.9045144994	-0.0059591492	-2.6066390128
39.0840895792	-0.0060139518	-2.6186586646
39.26449354	-0.0060692604	-2.6307336292
39.4457302075	-0.0061250796	-2.6428641596
39.6278034255	-0.0061814142	-2.65505051
39.8107170554	-0.0062382688	-2.6672929356
39.9944749761	-0.0062956484	-2.6795916929
40.1790810849	-0.0063535576	-2.6919470393
40.3645392968	-0.0064120014	-2.7043592336
40.5508535448	-0.0064709848	-2.7168285358
40.7380277804	-0.0065305126	-2.7293552067
40.926065973	-0.00659059	-2.7419395087
41.1149721105	-0.0066512219	-2.7545817051
41.304750199	-0.0067124134	-2.7672820604
41.4954042634	-0.0067741698	-2.7800408405
41.686938347	-0.0068364962	-2.7928583123
41.8793565118	-0.0068993978	-2.8057347439
42.0726628384	-0.0069628801	-2.8186704045
42.2668614266	-0.0070269482	-2.8316655649
42.4619563946	-0.0070916076	-2.8447204966
42.6579518802	-0.0071568638	-2.8578354727
42.8548520397	-0.0072227223	-2.8710107674
43.0526610492	-0.0072891885	-2.884246656
43.2513831035	-0.007356268	-2.8975434152
43.4510224172	-0.0074239666	-2.9109013228
43.651583224	-0.00749229	-2.9243206579
43.8530697775	-0.0075612438	-2.9378017009
44.0554863507	-0.0076308338	-2.9513447334
44.2588372363	-0.007701066	-2.9649500383
44.4631267469	-0.0077719462	-2.9786178997
44.6683592151	-0.0078434804	-2.9923486028
44.8745389933	-0.0079156747	-3.0061424345
45.0816704541	-0.007988535	-3.0199996826
45.2897579904	-0.0080620675	-3.0339206363
45.498806015	-0.0081362784	-3.0479055861
45.7088189615	-0.0082111739	-3.0619548239
45.9198012837	-0.0082867604	-3.0760686426
46.131757456	-0.0083630442	-3.0902473367
46.3446919736	-0.0084400317	-3.1044912019
46.5586093523	-0.0085177293	-3.1188005352
46.7735141287	-0.0085961437	-3.1331756349
46.9894108605	-0.0086752813	-3.1476168006
47.2063041264	-0.0087551489	-3.1621243333
47.424198526	-0.0088357531	-3.1766985354
47.6430986805	-0.0089171008	-3.1913397105
47.8630092323	-0.0089991987	-3.2060481635
48.083934845	-0.0090820538	-3.2208242009
48.305880204	-0.009165673	-3.2356681303
48.5288500162	-0.0092500633	-3.2505802608
48.7528490103	-0.0093352319	-3.2655609028
48.9778819368	-0.0094211858	-3.2806103682
49.2039535681	-0.0095079324	-3.29572897
49.4310686987	-0.0095954788	-3.310917023
49.659232145	-0.0096838325	-3.326174843
49.888448746	-0.0097730008	-3.3415027473
50.1187233627	-0.0098629912	-3.3569010548
50.3500608788	-0.0099538114	-3.3723700855
50.5824662003	-0.0100454688	-3.3879101611
50.8159442561	-0.0101379713	-3.4035216045
51.0504999975	-0.0102313265	-3.4192047402
51.2861383991	-0.0103255422	-3.4349598939
51.5228644582	-0.0104206265	-3.4507873929
51.7606831951	-0.0105165873	-3.466687566
51.9995996534	-0.0106134326	-3.4826607432
52.2396188999	-0.0107111705	-3.4987072563
52.480746025	-0.0108098092	-3.5148274382
52.7229861423	-0.0109093571	-3.5310216234
52.9663443892	-0.0110098224	-3.5472901481
53.2108259267	-0.0111112136	-3.5636333495
53.4564359397	-0.0112135391	-3.5800515667
53.703179637	-0.0113168076	-3.59654514
53.9510622515	-0.0114210277	-3.6131144115
54.2000890402	-0.0115262082	-3.6297597245
54.4502652842	-0.0116323577	-3.6464814239
54.7015962894	-0.0117394853	-3.6632798561
54.9540873858	-0.0118475999	-3.6801553691
55.2077439281	-0.0119567106	-3.6971083124
55.4625712958	-0.0120668265	-3.7141390369
55.7185748932	-0.0121779568	-3.7312478952
55.9757601495	-0.0122901108	-3.7484352413
56.234132519	-0.0124032979	-3.7657014307
56.4936974812	-0.0125175276	-3.7830468207
56.7544605409	-0.0126328095	-3.8004717699
57.0164272281	-0.0127491531	-3.8179766386
57.2796030986	-0.0128665683	-3.8355617886
57.5439937337	-0.0129850648	-3.8532275834
57.8096047406	-0.0131046525	-3.8709743878
58.0764417521	-0.0132253415	-3.8888025686
58.3445104274	-0.0133471419	-3.9067124937
58.6138164514	-0.0134700638	-3.924704533
58.8843655356	-0.0135941175	-3.9427790578
59.1561634175	-0.0137193134	-3.9609364411
59.4292158616	-0.0138456619	-3.9791770574
59.7035286584	-0.0139731736	-3.997501283
59.9791076256	-0.0141018592	-4.0159094957
60.2559586074	-0.0142317294	-4.0344020749
60.5340874754	-0.014362795	-4.0529794016
60.8135001279	-0.0144950671	-4.0716418588
61.0942024906	-0.0146285565	-4.0903898307
61.3762005165	-0.0147632746	-4.1092237033
61.6595001861	-0.0148992325	-4.1281438644
61.9441075077	-0.0150364416	-4.1471507034
62.2300285169	-0.0151749133	-4.1662446113
62.5172692776	-0.0153146592	-4.1854259809
62.8058358813	-0.015455691	-4.2046952064
63.095734448	-0.0155980203	-4.2240526842
63.3869711257	-0.0157416592	-4.2434988119
63.6795520908	-0.0158866195	-4.263033989
63.9734835483	-0.0160329133	-4.2826586169
64.2687717317	-0.0161805529	-4.3023730984
64.5654229035	-0.0163295506	-4.3221778382
64.8634433548	-0.0164799187	-4.3420732426
65.1628394061	-0.0166316698	-4.3620597199
65.4636174067	-0.0167848165	-4.3821376799
65.7657837355	-0.0169393717	-4.4023075341
66.0693448008	-0.0170953481	-4.4225696961
66.3743070402	-0.0172527587	-4.4429245808
66.6806769214	-0.0174116167	-4.4633726052
66.9884609417	-0.0175719353	-4.4839141879
67.2976656284	-0.0177337278	-4.5045497494
67.6082975392	-0.0178970077	-4.525279712
67.9203632617	-0.0180617886	-4.5461044996
68.2338694142	-0.0182280841	-4.567024538
68.5488226453	-0.0183959082	-4.5880402549
68.8652296344	-0.0185652747	-4.6091520796
69.1830970919	-0.0187361977	-4.6303604435
69.5024317589	-0.0189086915	-4.6516657796
69.8232404077	-0.0190827704	-4.6730685227
70.145529842	-0.0192584488	-4.6945691096
70.4693068967	-0.0194357414	-4.7161679788
70.7945784384	-0.0196146628	-4.7378655708
71.1213513653	-0.0197952279	-4.7596623278
71.4496326076	-0.0199774518	-4.7815586938
71.7794291271	-0.0201613495	-4.8035551149
72.1107479183	-0.0203469363	-4.825652039
72.4435960075	-0.0205342275	-4.8478499156
72.7779804537	-0.0207232388	-4.8701491965
73.1139083483	-0.0209139859	-4.892550335
73.4513868157	-0.0211064844	-4.9150537867
73.7904230129	-0.0213007504	-4.9376600087
74.1310241301	-0.0214968	-4.9603694602
74.4731973906	-0.0216946494	-4.9831826023
74.8169500511	-0.0218943151	-5.0060998981
75.1622894018	-0.0220958135	-5.0291218125
75.5092227665	-0.0222991614	-5.0522488123
75.8577575029	-0.0225043755	-5.0754813663
76.2079010025	-0.0227114729	-5.0988199453
76.5596606911	-0.0229204707	-5.1222650219
76.9130440287	-0.0231313862	-5.1458170708
77.2680585096	-0.0233442368	-5.1694765686
77.6247116629	-0.0235590402	-5.1932439939
77.9830110523	-0.0237758141	-5.2171198271
78.3429642766	-0.0239945764	-5.2411045509
78.7045789695	-0.0242153452	-5.2651986496
79.0678628	-0.0244381388	-5.2894026098
79.4328234724	-0.0246629755	-5.3137169199
79.7994687268	-0.0248898739	-5.3381420704
80.1678063388	-0.0251188527	-5.3626785538
80.5378441199	-0.0253499309	-5.3873268645
80.9095899178	-0.0255831275	-5.4120874992
81.2830516164	-0.0258184617	-5.4369609563
81.6582371359	-0.026055953	-5.4619477363
82.035154433	-0.0262956209	-5.4870483419
82.4138115013	-0.0265374852	-5.5122632777
82.7942163712	-0.0267815659	-5.5375930504
83.1763771103	-0.0270278829	-5.5630381687
83.5603018231	-0.0272764567	-5.5885991434
83.9459986519	-0.0275273076	-5.6142764873
84.3334757764	-0.0277804564	-5.6400707154
84.7227414141	-0.0280359238	-5.6659823446
85.1138038202	-0.028293731	-5.692011894
85.5066712885	-0.028553899	-5.7181598848
85.9013521505	-0.0288164492	-5.7444268402
86.2978547767	-0.0290814034	-5.7708132856
86.6961875758	-0.0293487832	-5.7973197483
87.0963589956	-0.0296186105	-5.823946758
87.4983775227	-0.0298909077	-5.8506948462
87.9022516831	-0.0301656969	-5.8775645468
88.3079900419	-0.0304430008	-5.9045563956
88.7156012038	-0.0307228421	-5.9316709307
89.1250938134	-0.0310052438	-5.9589086922
89.536476555	-0.031290229	-5.9862702223
89.949758153	-0.0315778212	-6.0137560657
90.3649473722	-0.0318680437	-6.0413667687
90.7820530178	-0.0321609205	-6.0691028801
91.2010839356	-0.0324564756	-6.0969649509
91.6220490122	-0.032754733	-6.124953534
92.0449571753	-0.0330557173	-6.1530691847
92.4698173938	-0.033359453	-6.1813124603
92.896638678	-0.033665965	-6.2096839205
93.3254300797	-0.0339752784	-6.238184127
93.7562006926	-0.0342874184	-6.2668136436
94.1889596523	-0.0346024105	-6.2955730366
94.6237161366	-0.0349202805	-6.3244628742
95.0604793656	-0.0352410544	-6.3534837269
95.4992586021	-0.0355647582	-6.3826361675
95.9400631516	-0.0358914184	-6.4119207709
96.3829023624	-0.0362210616	-6.4413381142
96.8277856261	-0.0365537148	-6.4708887769
97.2747223777	-0.036889405	-6.5005733403
97.7237220956	-0.0372281596	-6.5303923885
98.174794302	-0.0375700062	-6.5603465073
98.6279485631	-0.0379149726	-6.5904362852
99.0831944893	-0.0382630868	-6.6206623125
99.5405417352	-0.0386143772	-6.651025182
100	-0.0389688723	-6.6815254888
100.4615790278	-0.039326601	-6.71216383
100.9252886077	-0.0396875923	-6.7429408052
101.3911385737	-0.0400518756	-6.7738570161
101.8591388054	-0.0404194804	-6.8049130667
102.3292992281	-0.0407904365	-6.8361095633
102.8016298127	-0.041164774	-6.8674471145
103.2761405761	-0.0415425234	-6.8989263311
103.7528415818	-0.0419237151	-6.9305478262
104.2317429393	-0.0423083801	-6.9623122151
104.7128548051	-0.0426965495	-6.9942201154
105.1961873823	-0.0430882548	-7.0262721473
105.6817509214	-0.0434835276	-7.0584689327
106.1695557199	-0.0438823999	-7.0908110964
106.659612123	-0.0442849039	-7.123299265
107.1519305238	-0.0446910723	-7.1559340677
107.646521363	-0.0451009376	-7.1887161358
108.1433951298	-0.0455145332	-7.2216461032
108.6425623617	-0.0459318922	-7.2547246057
109.1440336449	-0.0463530485	-7.2879522818
109.6478196143	-0.0467780359	-7.321329772
110.1539309541	-0.0472068886	-7.3548577192
110.6623783978	-0.0476396413	-7.3885367687
111.1731727282	-0.0480763287	-7.4223675681
111.6863247781	-0.048516986	-7.4563507673
112.2018454302	-0.0489616487	-7.4904870183
112.7197456176	-0.0494103523	-7.5247769758
113.2400363236	-0.0498631331	-7.5592212966
113.7627285823	-0.0503200274	-7.5938206399
114.287833479	-0.0507810717	-7.628575667
114.8153621497	-0.0512463032	-7.663487042
115.3453257821	-0.0517157591	-7.6985554308
115.8777356155	-0.052189477	-7.7337815019
116.4126029411	-0.0526674949	-7.7691659262
116.949939102	-0.0531498509	-7.8047093768
117.489755494	-0.0536365838	-7.8404125291
118.0320635652	-0.0541277325	-7.876276061
118.5768748167	-0.054623336	-7.9123006525
119.1242008027	-0.0551234342	-7.9484869861
119.6740531307	-0.0556280668	-7.9848357466
120.2264434617	-0.0561372741	-8.0213476211
120.7813835107	-0.0566510968	-8.0580232991
121.3388850465	-0.0571695758	-8.0948634724
121.8989598925	-0.0576927523	-8.131868835
122.4616199265	-0.058220668	-8.1690400835
123.0268770812	-0.0587533649	-8.2063779166
123.5947433445	-0.0592908853	-8.2438830354
124.1652307592	-0.059833272	-8.2815561434
124.7383514243	-0.0603805679	-8.3193979463
125.3141174941	-0.0609328167	-8.3574091522
125.8925411794	-0.0614900619	-8.3955904717
126.4736347471	-0.0620523478	-8.4339426173
127.0574105209	-0.062619719	-8.4724663042
127.6438808811	-0.0631922202	-8.5111622498
128.2330582656	-0.0637698969	-8.5500311738
128.8249551693	-0.0643527947	-8.5890737983
129.419584145	-0.0649409595	-8.6282908475
130.0169578033	-0.0655344379	-8.6676830481
130.6170888132	-0.0661332767	-8.7072511291
131.2199899019	-0.066737523	-8.7469958218
131.8256738556	-0.0673472245	-8.7869178598
132.4341535195	-0.0679624292	-8.8270179789
133.0454417978	-0.0685831854	-8.8672969173
133.6595516546	-0.069209542	-8.9077554154
134.2764961138	-0.0698415482	-8.9483942162
134.8962882592	-0.0704792536	-8.9892140645
135.5189412351	-0.0711227081	-9.0302157077
136.1444682466	-0.0717719623	-9.0713998954
136.7728825596	-0.072427067	-9.1127673796
137.4041975013	-0.0730880735	-9.1543189143
138.0384264603	-0.0737550335	-9.196055256
138.6755828872	-0.074427999	-9.2379771634
139.3156802945	-0.0751070227	-9.2800853973
139.9587322573	-0.0757921576	-9.322380721
140.604752413	-0.0764834569	-9.3648638998
141.2537544623	-0.0771809747	-9.4075357015
141.9057521689	-0.0778847652	-9.4503968958
142.5607593602	-0.0785948832	-9.493448255
143.2187899274	-0.0793113838	-9.5366905533
143.8798578256	-0.0800343227	-9.5801245673
144.5439770746	-0.0807637559	-9.6237510756
145.2111617588	-0.0814997401	-9.6675708594
145.8814260275	-0.0822423322	-9.7115847015
146.5547840956	-0.0829915898	-9.7557933875
147.2312502433	-0.0837475706	-9.8001977047
147.9108388168	-0.0845103333	-9.8447984427
148.5935642287	-0.0852799365	-9.8895963934
149.2794409579	-0.0860564398	-9.9345923508
149.9684835502	-0.0868399029	-9.9797871108
150.6607066187	-0.0876303861	-10.0251814717
151.3561248436	-0.0884279502	-10.0707762339
152.0547529733	-0.0892326566	-10.1165721997
152.7566058238	-0.090044567	-10.1625701737
153.4616982799	-0.0908637437	-10.2087709625
154.170045295	-0.0916902495	-10.2551753748
154.8816618913	-0.0925241475	-10.3017842214
155.5965631605	-0.0933655017	-10.3485983151
156.3147642641	-0.0942143763	-10.3956184708
157.0362804334	-0.0950708361	-10.4428455053
157.7611269699	-0.0959349463	-10.4902802376
158.4893192461	-0.0968067729	-10.5379234886
159.2208727051	-0.0976863822	-10.5857760812
159.9558028615	-0.098573841	-10.6338388404
160.6941253013	-0.0994692168	-10.6821125929
161.4358556827	-0.1003725775	-10.7305981677
162.1810097359	-0.1012839915	-10.7792963954
162.929603264	-0.1022035278	-10.8282081088
163.6816521428	-0.103131256	-10.8773341425
164.4371723215	-0.1040672462	-10.926675333
165.1961798229	-0.105011569	-10.9762325186
165.9586907438	-0.1059642956	-11.0260065396
166.7247212551	-0.1069254977	-11.0759982381
167.4942876027	-0.1078952476	-11.126208458
168.2674061071	-0.1088736181	-11.1766380451
169.0440931643	-0.1098606827	-11.227287847
169.8243652462	-0.1108565154	-11.2781587128
170.6082389003	-0.1118611907	-11.3292514939
171.3957307508	-0.1128747837	-11.3805670429
172.1868574986	-0.1138973701	-11.4321062144
172.9816359215	-0.1149290263	-11.4838698648
173.7800828749	-0.115969829	-11.535858852
174.5822152921	-0.1170198557	-11.5880740357
175.3880501842	-0.1180791845	-11.640516277
176.1976046412	-0.1191478941	-11.693186439
177.0108958317	-0.1202260635	-11.7460853862
177.8279410039	-0.1213137727	-11.7992139846
178.6487574852	-0.122411102	-11.852573102
179.4733626833	-0.1235181326	-11.9061636076
180.301774086	-0.1246349461	-11.9599863722
181.134009262	-0.1257616247	-12.014042268
181.970085861	-0.1268982513	-12.0683321687
182.8100216143	-0.1280449093	-12.1228569494
183.6538343348	-0.129201683	-12.1776174869
184.501541918	-0.130368657	-12.2326146591
185.3531623415	-0.1315459168	-12.2878493455
186.2087136663	-0.1327335482	-12.3433224266
187.0682140366	-0.133931638	-12.3990347847
187.9316816803	-0.1351402734	-12.4549873031
188.7991349096	-0.1363595424	-12.5111808664
189.6705921211	-0.1375895334	-12.5676163606
190.5460717963	-0.1388303357	-12.6242946727
191.4255925021	-0.1400820392	-12.6812166912
192.309172891	-0.1413447343	-12.7383833053
193.1968317017	-0.1426185123	-12.7957954058
194.0885877593	-0.1439034648	-12.8534538844
194.9844599758	-0.1451996845	-12.9113596338
195.8844673506	-0.1465072645	-12.9695135479
196.7886289707	-0.1478262985	-13.0279165215
197.6969640112	-0.1491568811	-13.0865694505
198.6094917357	-0.1504991075	-13.1454732316
199.5262314969	-0.1518530734	-13.2046287626
200.4472027365	-0.1532188754	-13.264036942
201.3724249862	-0.1545966107	-13.3236986693
202.3019178678	-0.1559863772	-13.3836148446
203.2357010936	-0.1573882734	-13.4437863692
204.173794467	-0.1588023987	-13.5042141446
205.1162178826	-0.1602288529	-13.5648990735
206.062991327	-0.1616677367	-13.6258420591
207.0141348791	-0.1631191515	-13.687044005
207.9696687104	-0.1645831993	-13.7485058158
208.9296130854	-0.1660599829	-13.8102283964
209.8939883624	-0.1675496058	-13.8722126523
210.8628149933	-0.169052172	-13.9344594896
211.8361135249	-0.1705677866	-13.9969698147
212.8139045983	-0.172096555	-14.0597445344
213.7962089502	-0.1736385836	-14.1227845561
214.7830474131	-0.1751939795	-14.1860907871
215.7744409153	-0.1767628503	-14.2496641354
216.770410482	-0.1783453045	-14.3135055091
217.7709772353	-0.1799414514	-14.3776158164
218.776162395	-0.1815514008	-14.4419959658
219.7859872785	-0.1831752634	-14.5066468658
220.8004733019	-0.1848131506	-14.5715694252
221.81964198	-0.1864651745	-14.6367645525
222.843514927	-0.188131448	-14.7022331563
223.8721138568	-0.1898120845	-14.7679761453
224.9054605836	-0.1915071985	-14.8339944279
225.9435770221	-0.1932169051	-14.9002889124
226.9864851884	-0.1949413199	-14.9668605069
228.0342072001	-0.1966805595	-15.0337101191
229.0867652768	-0.1984347413	-15.1008386567
230.1441817409	-0.2002039833	-15.1682470267
231.2064790176	-0.2019884042	-15.235936136
232.2736796357	-0.2037881236	-15.3039068908
233.3458062281	-0.2056032618	-15.372160197
234.422881532	-0.2074339398	-15.4406969596
235.5049283896	-0.2092802793	-15.5095180834
236.5919697486	-0.211142403	-15.5786244723
237.6840286625	-0.2130204341	-15.6480170294
238.7811282913	-0.2149144966	-15.7176966573
239.883291902	-0.2168247154	-15.7876642575
240.9905428687	-0.2187512159	-15.8579207307
242.1029046736	-0.2206941246	-15.9284669768
243.2204009074	-0.2226535685	-15.9993038943
244.3430552694	-0.2246296754	-16.0704323811
245.4708915685	-0.2266225738	-16.1418533338
246.6039337234	-0.2286323933	-16.2135676476
247.7422057633	-0.2306592638	-16.2855762168
248.8857318283	-0.2327033161	-16.3578799342
250.0345361697	-0.234764682	-16.4304796912
251.188643151	-0.2368434938	-16.503376378
252.3480772481	-0.2389398847	-16.5765708832
253.5128630498	-0.2410539885	-16.6500640936
254.6830252585	-0.2431859398	-16.7238568948
255.8585886906	-0.2453358741	-16.7979501704
257.0395782769	-0.2475039276	-16.8723448025
258.2260190635	-0.2496902371	-16.9470416712
259.4179362119	-0.2518949404	-17.0220416547
260.6153549999	-0.2541181758	-17.0973456295
261.8183008219	-0.2563600825	-17.1729544697
263.0267991896	-0.2586208005	-17.2488690478
264.2408757322	-0.2609004704	-17.3250902338
265.4605561976	-0.2631992337	-17.4016188954
266.6858664522	-0.2655172324	-17.4784558984
267.9168324819	-0.2678546096	-17.555602106
269.1534803927	-0.2702115088	-17.6330583788
270.3958364109	-0.2725880745	-17.7108255752
271.6439268839	-0.2749844517	-17.7889045508
272.8977782808	-0.2774007864	-17.8672961587
274.1574171928	-0.2798372251	-17.9460012492
275.4228703338	-0.2822939152	-18.0250206697
276.6941645412	-0.2847710047	-18.1043552649
277.9713267759	-0.2872686424	-18.1840058764
279.2543841237	-0.2897869777	-18.2639733429
280.5433637952	-0.2923261609	-18.3442584997
281.8382931265	-0.2948863429	-18.4248621793
283.13919958	-0.2974676754	-18.5057852107
284.4461107448	-0.3000703106	-18.5870284196
285.7590543375	-0.3026944017	-18.6685926282
287.0780582025	-0.3053401022	-18.7504786552
288.4031503127	-0.3080075668	-18.8326873158
289.7343587701	-0.3106969505	-18.9152194216
291.0717118067	-0.3134084091	-18.9980757801
292.4152377843	-0.316142099	-19.0812571952
293.7649651962	-0.3188981776	-19.164764467
295.1209226667	-0.3216768024	-19.2485983913
296.4831389524	-0.3244781322	-19.33275976
297.8516429429	-0.3273023259	-19.4172493607
299.2264636608	-0.3301495434	-19.5020679768
300.6076302628	-0.3330199452	-19.5872163873
301.9951720402	-0.3359136923	-19.6726953669
303.3891184194	-0.3388309463	-19.7585056855
304.7894989628	-0.3417718698	-19.8446481087
306.1963433691	-0.3447366255	-19.931123397
307.6096814741	-0.3477253772	-20.0179323066
309.0295432514	-0.3507382888	-20.1050755883
310.4559588129	-0.3537755253	-20.1925539883
311.8889584094	-0.356837252	-20.2803682476
313.3285724316	-0.3599236347	-20.3685191019
314.7748314101	-0.36303484	-20.4570072818
316.2277660169	-0.366171035	-20.5458335127
317.687407065	-0.3693323872	-20.6349985141
319.1537855101	-0.3725190649	-20.7245030005
320.6269324506	-0.3757312367	-20.8143476804
322.1068791284	-0.3789690718	-20.9045332566
323.5936569296	-0.3822327401	-20.9950604264
325.0872973854	-0.3855224117	-21.0859298809
326.5878321724	-0.3888382574	-21.1771423051
328.0952931131	-0.3921804484	-21.2686983783
329.6097121775	-0.3955491563	-21.3605987731
331.1311214826	-0.3989445535	-21.4528441563
332.659553294	-0.4023668123	-21.5454351879
334.1950400261	-0.405816106	-21.6383725217
335.737614243	-0.409292608	-21.7316568046
337.2873086589	-0.4127964921	-21.8252886772
338.8441561392	-0.4163279327	-21.919268773
340.408189701	-0.4198871044	-22.0135977187
341.9794425137	-0.4234741822	-22.1082761342
343.5579478999	-0.4270893416	-22.2033046319
345.1437393359	-0.4307327584	-22.2986838175
346.7368504525	-0.4344046085	-22.3944142892
348.337315036	-0.4381050685	-22.4904966377
349.9451670284	-0.441834315	-22.5869314464
351.5604405283	-0.4455925251	-22.6837192911
353.183169792	-0.4493798759	-22.7808607398
354.8133892336	-0.453196545	-22.8783563529
356.4511334263	-0.4570427102	-22.9762066827
358.0964371027	-0.4609185495	-23.0744122739
359.7493351558	-0.464824241	-23.1729736626
361.4098626396	-0.4687599632	-23.2718913772
363.0780547701	-0.4727258945	-23.3711659375
364.7539469256	-0.4767222137	-23.470797855
366.4375746479	-0.4807490996	-23.5707876329
368.1289736425	-0.4848067312	-23.6711357656
369.8281797803	-0.4888952875	-23.7718427389
371.5352290972	-0.4930149477	-23.8729090298
373.2501577957	-0.4971658909	-23.9743351065
374.9730022455	-0.5013482963	-24.0761214282
376.7037989839	-0.5055623432	-24.178268445
378.4425847171	-0.5098082109	-24.2807765978
380.1893963206	-0.5140860785	-24.3836463182
381.9442708401	-0.5183961251	-24.4868780286
383.7072454923	-0.52273853	-24.5904721417
385.4783576658	-0.5271134719	-24.6944290609
387.2576449216	-0.53152113	-24.7987491797
389.0451449943	-0.5359616827	-24.9034328819
390.8408957924	-0.5404353089	-25.0084805417
392.6449353996	-0.5449421867	-25.1138925229
394.4573020753	-0.5494824944	-25.2196691796
396.2780342555	-0.55405641	-25.3258108557
398.1071705535	-0.5586641111	-25.4323178847
399.9447497611	-0.563305775	-25.5391905901
401.790810849	-0.5679815789	-25.6464292846
403.6453929676	-0.5726916994	-25.7540342707
405.5085354484	-0.577436313	-25.8620058402
407.3802778041	-0.5822155955	-25.970344274
409.26065973	-0.5870297225	-26.0790498427
411.1497211045	-0.591878869	-26.1881228055
413.0475019902	-0.5967632097	-26.2975634111
414.9540426344	-0.6016829186	-26.4073718968
416.8693834704	-0.6066381692	-26.517548489
418.7935651179	-0.6116291345	-26.6280934028
420.7266283845	-0.6166559869	-26.7390068421
422.6686142656	-0.6217188979	-26.8502889992
424.6195639463	-0.6268180388	-26.9619400552
426.5795188016	-0.6319535798	-27.0739601795
428.5485203975	-0.6371256905	-27.18634953
430.5266104917	-0.6423345398	-27.2991082527
432.513831035	-0.6475802956	-27.4122364822
434.5102241716	-0.6528631252	-27.5257343409
436.5158322402	-0.658183195	-27.6396019393
438.530697775	-0.6635406702	-27.7538393762
440.5548635066	-0.6689357154	-27.8684467381
442.5883723626	-0.6743684942	-27.9834240993
444.6312674691	-0.6798391689	-28.0987715222
446.683592151	-0.685347901	-28.2144890567
448.7453899332	-0.6908948508	-28.3305767405
450.8167045415	-0.6964801775	-28.4470345987
452.8975799036	-0.7021040392	-28.5638626442
454.9880601501	-0.7077665926	-28.6810608772
457.0881896149	-0.7134679934	-28.7986292856
459.1980128369	-0.7192083959	-28.9165678443
461.3175745604	-0.7249879529	-29.0348765159
463.4469197363	-0.7308068161	-29.1535552499
465.586093523	-0.7366651357	-29.2726039834
467.7351412872	-0.7425630603	-29.3920226405
469.8941086052	-0.7485007372	-29.5118111323
472.0630412636	-0.754478312	-29.6319693573
474.2419852603	-0.7604959288	-29.7524972008
476.4309868054	-0.76655373	-29.8733945353
478.6300923227	-0.7726518565	-29.9946612201
480.8393484498	-0.7787904472	-30.1162971015
483.0588020398	-0.7849696395	-30.2383020129
485.2885001621	-0.7911895688	-30.3606757744
487.5284901034	-0.7974503686	-30.4834181929
489.7788193685	-0.8037521706	-30.6065290624
492.0395356815	-0.8100951046	-30.7300081635
494.3106869869	-0.8164792983	-30.8538552637
496.5923214504	-0.8229048772	-30.9780701174
498.88448746	-0.829371965	-31.1026524655
501.1872336273	-0.8358806829	-31.2276020359
503.5006087879	-0.8424311501	-31.3529185433
505.8246620031	-0.8490234835	-31.4786016889
508.1594425606	-0.8556577977	-31.6046511611
510.5049999754	-0.8623342048	-31.7310666346
512.8613839914	-0.8690528146	-31.8578477713
515.2286445818	-0.8758137345	-31.9849942196
517.6068319506	-0.882617069	-32.1125056149
519.9959965335	-0.8894629204	-32.2403815793
522.3961889991	-0.8963513883	-32.3686217217
524.8074602498	-0.9032825693	-32.4972256382
527.2298614229	-0.9102565576	-32.6261929114
529.6634438917	-0.9172734444	-32.7555231111
532.1082592668	-0.924333318	-32.885215794
534.564359397	-0.9314362638	-33.0152705037
537.0317963703	-0.9385823643	-33.1456867711
539.5106225152	-0.9457716988	-33.2764641141
542.0008904017	-0.9530043437	-33.4076020375
544.5026528425	-0.9602803718	-33.5391000338
547.015962894	-0.9675998532	-33.6709575825
549.5408738577	-0.9749628543	-33.8031741503
552.0774392808	-0.9823694383	-33.9357491917
554.6257129579	-0.9898196649	-34.0686821483
557.185748932	-0.9973135905	-34.2019724495
559.7576014951	-1.0048512676	-34.3356195123
562.3413251904	-1.0124327455	-34.4696227413
564.9369748123	-1.0200580694	-34.6039815292
567.5446054086	-1.027727281	-34.7386952563
570.1642722808	-1.0354404182	-34.8737632912
572.7960309859	-1.0431975149	-35.0091849904
575.4399373372	-1.050998601	-35.1449596988
578.0960474057	-1.0588437025	-35.2810867497
580.7644175213	-1.0667328414	-35.4175654646
583.4451042738	-1.0746660352	-35.5543951538
586.1381645141	-1.0826432975	-35.6915751164
588.8436553556	-1.0906646375	-35.8291046402
591.5616341755	-1.0987300599	-35.9669830022
594.2921586156	-1.1068395651	-36.1052094684
597.0352865839	-1.1149931489	-36.243783294
599.7910762555	-1.1231908026	-36.3827037241
602.5595860744	-1.1314325127	-36.5219699929
605.3408747539	-1.1397182611	-36.6615813249
608.1350012788	-1.1480480248	-36.8015369342
610.9420249056	-1.156421776	-36.9418360251
613.7620051648	-1.1648394817	-37.0824777925
616.5950018615	-1.1733011042	-37.2234614217
619.4410750768	-1.1818066004	-37.3647860885
622.3002851692	-1.1903559221	-37.50645096
625.1726927757	-1.198949016	-37.6484551943
628.0583588134	-1.2075858231	-37.7907979407
630.9573444802	-1.2162662792	-37.9334783404
633.869711257	-1.2249903145	-38.0764955262
636.795520908	-1.2337578538	-38.219848623
639.7348354827	-1.2425688159	-38.363536748
642.6877173171	-1.2514231141	-38.507559011
645.6542290347	-1.2603206557	-38.6519145144
648.6344335483	-1.2692613423	-38.796602354
651.6283940609	-1.2782450692	-38.9416216186
654.6361740673	-1.2872717259	-39.0869713907
657.6578373555	-1.2963411955	-39.2326507469
660.6934480076	-1.3054533549	-39.3786587576
663.7430704019	-1.3146080748	-39.524994488
666.8067692137	-1.3238052193	-39.6716569978
669.8846094166	-1.3330446461	-39.8186453421
672.9766562844	-1.3423262062	-39.9659585711
676.082975392	-1.351649744	-40.1135957308
679.2036326172	-1.361015097	-40.2615558634
682.3386941417	-1.370422096	-40.4098380074
685.4882264527	-1.3798705647	-40.558441198
688.6522963443	-1.3893603198	-40.7073644676
691.830970919	-1.3988911709	-40.856606846
695.0243175888	-1.4084629203	-41.0061673609
698.2324040772	-1.4180753631	-41.156045038
701.45529842	-1.4277282868	-41.3062389019
704.6930689672	-1.4374214715	-41.456747976
707.9457843842	-1.4471546897	-41.6075712831
711.2135136534	-1.4569277061	-41.7587078458
714.4963260756	-1.4667402779	-41.9101566872
717.7942912714	-1.4765921541	-42.0619168305
721.1074791829	-1.4864830758	-42.2139873005
724.435960075	-1.4964127761	-42.3663671233
727.7798045369	-1.5063809798	-42.519055327
731.1390834835	-1.5163874035	-42.6720509421
734.5138681572	-1.5264317555	-42.8253530021
737.9042301291	-1.5365137354	-42.9789605438
741.310241301	-1.5466330344	-43.132872608
744.731973906	-1.556789335	-43.2870882397
748.1695005112	-1.566982311	-43.441606489
751.6228940182	-1.577211627	-43.5964264112
755.0922276655	-1.587476939	-43.7515470676
758.5775750292	-1.5977778936	-43.906967526
762.0790100255	-1.6081141285	-44.0626868611
765.5966069113	-1.6184852718	-44.2187041553
769.1304402867	-1.6288909425	-44.3750184989
772.6805850957	-1.6393307497	-44.5316289911
776.2471166287	-1.6498042933	-44.6885347401
779.8301105233	-1.6603111632	-44.8457348644
783.4296427663	-1.6708509395	-45.0032284925
787.0457896951	-1.6814231925	-45.1610147643
790.6786279999	-1.6920274821	-45.3190928312
794.3282347243	-1.7026633585	-45.4774618571
797.994687268	-1.7133303611	-45.6361210188
801.6780633877	-1.7240280194	-45.7950695068
805.3784411991	-1.7347558519	-45.9543065259
809.0958991784	-1.7455133669	-46.1138312958
812.8305161641	-1.7563000618	-46.273643052
816.5823713586	-1.7671154228	-46.4337410463
820.3515443299	-1.7779589257	-46.5941245477
824.1381150131	-1.7888300348	-46.7547928429
827.9421637124	-1.7997282033	-46.9157452372
831.7637711027	-1.810652873	-47.0769810554
835.6030182313	-1.8216034743	-47.2384996421
839.4599865194	-1.832579426	-47.4003003629
843.3347577643	-1.843580135	-47.562382605
847.2274141406	-1.8546049966	-47.7247457781
851.1380382024	-1.8656533941	-47.8873893151
855.0667128847	-1.8767246985	-48.0503126729
859.0135215054	-1.8878182688	-48.2135153335
862.978547767	-1.8989334514	-48.3769968047
866.9618757583	-1.9100695804	-48.5407566208
870.9635899561	-1.9212259773	-48.7047943436
874.9837752275	-1.9324019505	-48.8691095636
879.0225168309	-1.943596796	-49.0337019004
883.0799004186	-1.9548097963	-49.1985710041
887.156012038	-1.9660402209	-49.3637165557
891.2509381338	-1.9772873261	-49.5291382688
895.3647655496	-1.9885503545	-49.6948358898
899.4975815301	-1.9998285352	-49.8608091995
903.6494737224	-2.0111210837	-50.0270580138
907.8205301782	-2.0224272012	-50.1935821848
912.010839356	-2.0337460753	-50.3603816018
916.2204901221	-2.0450768791	-50.5274561924
920.4495717532	-2.0564187714	-50.6948059236
924.6981739383	-2.0677708964	-50.862430803
928.96638678	-2.079132384	-51.0303308797
933.254300797	-2.0905023487	-51.1985062455
937.5620069259	-2.1018798905	-51.3669570362
941.8895965229	-2.1132640939	-51.5356834326
946.2371613659	-2.1246540284	-51.7046856619
950.6047936563	-2.1360487476	-51.8739639986
954.9925860215	-2.1474472899	-52.0435187661
959.400631516	-2.1588486776	-52.2133503378
963.829023624	-2.1702519169	-52.3834591384
968.2778562613	-2.1816559981	-52.5538456451
972.747223777	-2.1930598949	-52.7245103892
977.2372209559	-2.2044625646	-52.895453957
981.74794302	-2.2158629477	-53.066676992
986.2794856313	-2.2272599677	-53.2381801952
990.8319448928	-2.2386525313	-53.4099643276
995.4054173516	-2.2500395276	-53.5820302109
1000.0000000001	-2.2614198283	-53.7543787295
1004.6157902785	-2.2727922873	-53.9270108317
1009.2528860768	-2.2841557409	-54.0999275313
1013.9113857367	-2.2955090069	-54.2731299094
1018.5913880542	-2.3068508852	-54.4466191157
1023.2929922808	-2.3181801568	-54.6203963704
1028.0162981265	-2.3294955842	-54.7944629656
1032.7614057615	-2.340795911	-54.9688202675
1037.5284158181	-2.3520798613	-55.1434697173
1042.3174293934	-2.3633461401	-55.3184128341
1047.128548051	-2.3745934326	-55.4936512157
1051.9618738233	-2.3858204043	-55.6691865411
1056.8175092137	-2.3970257005	-55.8450205718
1061.6955571988	-2.4082079461	-56.0211551546
1066.5961212303	-2.4193657454	-56.1975922227
1071.5193052377	-2.430497682	-56.3743337982
1076.4652136299	-2.4416023184	-56.5513819941
1081.433951298	-2.4526781955	-56.7287390161
1086.4256236171	-2.4637238329	-56.9064071652
1091.4403364488	-2.4747377281	-57.0843888398
1096.4781961433	-2.4857183565	-57.2626865375
1101.5393095415	-2.4966641711	-57.4413028579
1106.6237839777	-2.5075736022	-57.6202405048
1111.7317272817	-2.5184450571	-57.7995022886
1116.8632477806	-2.5292769196	-57.9790911285
1122.018454302	-2.5400675502	-58.1590100557
1127.1974561756	-2.5508152853	-58.339262215
1132.4003632356	-2.5615184372	-58.5198508682
1137.6272858235	-2.5721752935	-58.7007793966
1142.8783347898	-2.5827841172	-58.8820513037
1148.153621497	-2.593343146	-59.0636702178
1153.4532578212	-2.603850592	-59.2456398955
1158.7773561552	-2.6143046416	-59.4279642239
1164.1260294106	-2.6247034548	-59.6106472242
1169.49939102	-2.6350451653	-59.7936930549
1174.8975549396	-2.6453278798	-59.9771060143
1180.3206356518	-2.6555496776	-60.1608905445
1185.7687481672	-2.6657086105	-60.3450512345
1191.2420080275	-2.6758027021	-60.5295928234
1196.7405313073	-2.6858299477	-60.7145202043
1202.2644346175	-2.6957883138	-60.8998384278
1207.8138351069	-2.7056757375	-61.0855527056
1213.3888504651	-2.7154901265	-61.2716684146
1218.9895989249	-2.7252293581	-61.4581911004
1224.6161992651	-2.7348912794	-61.6451264819
1230.2687708125	-2.7444737065	-61.8324804547
1235.9474334446	-2.753974424	-62.0202590961
1241.6523075925	-2.7633911847	-62.208468669
1247.383514243	-2.7727217092	-62.3971156264
1253.1411749415	-2.7819636853	-62.5862066165
1258.9254117943	-2.7911147673	-62.7757484865
1264.7363474712	-2.8001725761	-62.9657482886
1270.5741052086	-2.809134698	-63.1562132842
1276.4388088114	-2.8179986848	-63.3471509493
1282.3305826561	-2.8267620528	-63.5385689799
1288.2495516932	-2.8354222825	-63.7304752973
1294.1958414501	-2.8439768181	-63.9228780541
1300.1695780334	-2.8524230668	-64.1157856393
1306.1708881319	-2.8607583982	-64.309206685
1312.1998990193	-2.8689801439	-64.503150072
1318.2567385565	-2.8770855969	-64.6976249365
1324.3415351948	-2.8850720107	-64.8926406763
1330.4544179782	-2.892936599	-65.0882069578
1336.5955165465	-2.9006765351	-65.2843337227
1342.764961138	-2.9082889508	-65.4810311952
1348.9628825917	-2.9157709365	-65.6783098894
1355.1894123511	-2.9231195397	-65.8761806167
1361.444682466	-2.9303317649	-66.0746544942
1367.7288255959	-2.9374045729	-66.2737429518
1374.0419750126	-2.9443348796	-66.4734577416
1380.384264603	-2.9511195559	-66.6738109454
1386.755828872	-2.9577554265	-66.8748149848
1393.1568029454	-2.9642392694	-67.076482629
1399.5873225727	-2.970567815	-67.2788270056
1406.04752413	-2.9767377454	-67.4818616092
1412.5375446229	-2.9827456938	-67.6856003124
1419.0575216892	-2.9885882431	-67.8900573756
1425.6075936023	-2.9942619259	-68.0952474581
1432.1878992736	-2.999763223	-68.3011856292
1438.7985782559	-3.0050885627	-68.5078873796
1445.439770746	-3.0102343202	-68.7153686333
1452.1116175878	-3.0151968164	-68.9236457601
1458.8142602755	-3.0199723174	-69.132735588
1465.547840956	-3.0245570331	-69.3426554169
1472.3125024328	-3.0289471165	-69.5534230316
1479.1083881683	-3.0331386628	-69.7650567164
1485.9356422871	-3.0371277086	-69.9775752693
1492.7944095791	-3.0409102303	-70.1909980176
1499.6848355025	-3.0444821441	-70.4053448331
1506.6070661868	-3.047839304	-70.6206361485
1513.5612484363	-3.0509775014	-70.8368929743
1520.5475297326	-3.053892464	-71.0541369159
1527.5660582382	-3.0565798545	-71.2723901921
1534.6169827994	-3.0590352697	-71.4916756532
1541.7004529497	-3.0612542396	-71.7120168009
1548.8166189126	-3.063232226	-71.9334378082
1555.9656316052	-3.0649646216	-72.1559635401
1563.1476426411	-3.0664467488	-72.3796195753
1570.3628043337	-3.0676738588	-72.6044322289
1577.6112696995	-3.06864113	-72.830428575
1584.8931924612	-3.0693436675	-73.0576364718
1592.2087270513	-3.0697765015	-73.2860845856
1599.5580286148	-3.0699345862	-73.5158024176
1606.941253013	-3.0698127989	-73.7468203308
1614.3585568266	-3.0694059385	-73.9791695776
1621.810097359	-3.0687087248	-74.2128823295
1629.2960326398	-3.0677157967	-74.4479917072
1636.8165214279	-3.0664217119	-74.684531812
1644.371723215	-3.0648209447	-74.9225377584
1651.9617982291	-3.0629078859	-75.1620457085
1659.5869074377	-3.0606768411	-75.4030929072
1667.2472125512	-3.0581220295	-75.6457177185
1674.9428760266	-3.0552375832	-75.8899596646
1682.6740610706	-3.0520175459	-76.1358594649
1690.4409316434	-3.0484558718	-76.3834590781
1698.2436524619	-3.0445464246	-76.6328017445
1706.0823890032	-3.0402829768	-76.8839320317
1713.9573075085	-3.0356592082	-77.1368958803
1721.8685749861	-3.0306687055	-77.3917406537
1729.8163592152	-3.0253049612	-77.6485151874
1737.8008287495	-3.019561373	-77.9072698429
1745.8221529206	-3.0134312428	-78.1680565619
1753.8805018419	-3.0069077763	-78.4309289235
1761.9760464118	-2.9999840823	-78.6959422042
1770.1089583175	-2.9926531722	-78.9631534401
1778.2794100391	-2.9849079598	-79.2326214909
1786.4875748522	-2.9767412611	-79.5044071083
1794.7336268327	-2.9681457938	-79.778573006
1803.0177408597	-2.9591141778	-80.0551839331
1811.3400926197	-2.949638935	-80.3343067505
1819.7008586101	-2.93971249	-80.6160105113
1828.1002161429	-2.9293271703	-80.9003665435
1836.5383433485	-2.9184752075	-81.1874485374
1845.0154191796	-2.907148738	-81.4773326358
1853.5316234149	-2.8953398042	-81.7700975291
1862.087136663	-2.8830403566	-82.0658245536
1870.6821403659	-2.8702422547	-82.364597795
1879.3168168034	-2.8569372703	-82.6665041957
1887.9913490964	-2.8431170894	-82.971633667
1896.7059212113	-2.8287733151	-83.2800792067
1905.4607179634	-2.8138974717	-83.5919370209
1914.2559250212	-2.798481008	-83.9073066523
1923.0917289103	-2.782515302	-84.226291113
1931.9683170171	-2.765991666	-84.5489970243
1940.8858775929	-2.7489013523	-84.875534761
1949.8445997582	-2.7312355596	-85.2060186043
1958.8446735061	-2.7129854399	-85.5405668989
1967.886289707	-2.6941421069	-85.8793022189
1976.969640112	-2.6746966447	-86.2223515399
1986.0949173575	-2.6546401176	-86.5698464189
1995.262314969	-2.6339635813	-86.9219231818
2004.4720273653	-2.6126580949	-87.278723119
2013.7242498625	-2.5907147344	-87.6403926893
2023.0191786784	-2.5681246074	-88.0070837327
2032.3570109364	-2.5448788697	-88.3789536918
2041.7379446697	-2.5209687431	-88.7561658423
2051.1621788257	-2.4963855352	-89.1388895335
2060.6299132702	-2.4711206613	-89.527300438
2070.1413487912	-2.4451656683	-89.9215808117
2079.6966871039	-2.4185122609	-90.3219197637
2089.2961308542	-2.3911523302	-90.7285135373
2098.9398836237	-2.3630779855	-91.1415658004
2108.6281499334	-2.3342815884	-91.5612879479
2118.3611352487	-2.304755791	-91.9878994137
2128.1390459829	-2.2744935765	-92.4216279942
2137.9620895024	-2.2434883049	-92.8627101822
2147.8304741307	-2.2117337617	-93.3113915112
2157.7444091528	-2.1792242119	-93.7679269101
2167.7041048199	-2.1459544584	-94.2325810678
2177.7097723533	-2.1119199058	-94.7056288068
2187.7616239497	-2.0771166302	-95.187355466
2197.859872785	-2.0415414548	-95.6780572901
2208.0047330191	-2.005192032	-96.1780418271
2218.1964198004	-1.9680669336	-96.6876283294
2228.4351492705	-1.9301657481	-97.2071481593
2238.7211385685	-1.8914891863	-97.736945196
2249.054605836	-1.8520391965	-98.2773762407
2259.4357702211	-1.8118190891	-98.8288114186
2269.864851884	-1.7708336719	-99.3916345731
2280.3420720006	-1.7290893959	-99.9662436491
2290.8676527679	-1.6865945146	-100.5530510594
2301.4418174087	-1.6433592545	-101.1524840309
2312.0647901758	-1.5993960002	-101.7649849219
2322.7367963573	-1.554719494	-102.3910115054
2333.4580622812	-1.5093470507	-103.0310372087
2344.2288153201	-1.4632987889	-103.6855513009
2355.0492838962	-1.416597879	-104.3550590164
2365.9196974859	-1.3692708099	-105.040081604
2376.8402866251	-1.3213476737	-105.7411562858
2387.8112829134	-1.2728624704	-106.4588361124
2398.8329190197	-1.2238534318	-107.1936896952
2409.9054286868	-1.1743633671	-107.9463007985
2421.0290467364	-1.1244400271	-108.7172677684
2432.204009074	-1.0741364913	-109.5072027759
2443.4305526942	-1.0235115729	-110.3167308475
2454.7089156852	-0.9726302447	-111.1464886558
2466.0393372345	-0.9215640827	-111.9971230386
2477.4220576335	-0.870391726	-112.8692892141
2488.8573182826	-0.8191993509	-113.7636486574
2500.3453616966	-0.7680811551	-114.6808666003
2511.8864315098	-0.7171398494	-115.6216091171
2523.4807724808	-0.6664871497	-116.586539756
2535.1286304981	-0.6162442652	-117.5763156781
2546.8302525852	-0.5665423727	-118.5915832631
2558.5858869058	-0.5175230703	-119.6329731474
2570.3957827691	-0.4693387983	-120.7010946588
2582.2601906348	-0.4221532155	-121.796529623
2594.179362119	-0.3761415168	-122.919825519
2606.1535499991	-0.3314906768	-124.0714879746
2618.1830082192	-0.2883996013	-125.2519726042
2630.2679918956	-0.2470791684	-126.4616762078
2642.4087573222	-0.2077521382	-127.7009273683
2654.6055619757	-0.1706529103	-128.9699765085
2666.8586645217	-0.1360271069	-130.2689854939
2679.1683248192	-0.1041309606	-131.598016897
2691.5348039271	-0.0752304845	-132.957023071
2703.9583641091	-0.0496004076	-134.3458352147
2716.4392688393	-0.0275228579	-135.7641526432
2728.9777828083	-0.009285783	-137.2115325145
2741.5741719281	0.0048188995	-138.6873802925
2754.2287033384	0.0144974193	-140.1909412521
2766.9416454117	0.0194565312	-141.7212933517
2779.7132677595	0.0194061331	-143.2773418072
2792.5438412376	0.0140620969	-144.8578156987
2805.4336379519	0.003149272	-146.4612669214
2818.3829312647	-0.0135953881	-148.086071761
2831.3919957996	-0.036419637	-149.7304353188
2844.4611074481	-0.0655527544	-151.3923989484
2857.5905433752	-0.1012024472	-153.0698507766
2870.7805820249	-0.1435519154	-154.7605392894
2884.0315031268	-0.1927571627	-156.4620898558
2897.3435877016	-0.248944632	-158.1720239541
2910.7171180668	-0.3122092383	-159.8877807596
2924.1523778436	-0.3826128611	-161.6067406538
2937.6496519618	-0.4601833478	-163.3262501343
2951.2092266666	-0.5449140584	-165.0436475426
2964.8313895246	-0.6367639697	-166.7562889892
2978.5164294294	-0.7356583341	-168.461573849
2992.2646366084	-0.8414898706	-170.1569692168
3006.0763026285	-0.9541204496	-171.8400327606
3019.9517204023	-1.0733832148	-173.5084334799
3033.8911841945	-1.1990850778	-175.1599699635
3047.8949896282	-1.3310095072	-176.7925858452
3061.9634336909	-1.4689195336	-178.4043822621
3076.096814741	-1.6125608882	-179.9936272284
3090.2954325138	-1.7616651951	-181.5587619411
3104.5595881286	-1.9159531452	-183.098404126
3118.8895840942	-2.0751375829	-184.6113486096
3133.2857243158	-2.2389264511	-186.0965653657
3147.7483141016	-2.4070255477	-187.5531953306
3162.2776601686	-2.5791410567	-188.9805443065
3176.87407065	-2.7549818311	-190.3780752885
3191.537855101	-2.9342614118	-191.7453995458
3206.2693245057	-3.116699776	-193.082266777
3221.0687912837	-3.3020248191	-194.3885546365
3235.9365692965	-3.4899735755	-195.664257902
3250.8729738546	-3.6802931948	-196.9094775186
3265.8783217236	-3.8727416882	-198.1244097244
3280.9529311315	-4.067088466	-199.3093354248
3296.0971217748	-4.2631146869	-200.4646099521
3311.3112148262	-4.460613442	-201.5906533139
3326.5955329403	-4.6593897937	-202.6879410083
3341.9504002614	-4.8592606909	-203.7569954561
3357.3761424298	-5.0600547821	-204.7983780818
3372.873086589	-5.2616121418	-205.8126820542
3388.4415613923	-5.4637839294	-206.8005256854
3404.0818970103	-5.666431995	-207.7625464724
3419.7944251374	-5.8694284449	-208.6993957603
3435.579478999	-6.0726551792	-209.6117339942
3451.4373933588	-6.2760034113	-210.5002265278
3467.3685045256	-6.4793731772	-211.3655399494
3483.3731503604	-6.6826728437	-212.2083388864
3499.4516702839	-6.885818618	-213.0292832496
3515.6044052833	-7.0887340677	-213.829025877
3531.8316979199	-7.2913496508	-214.6082105403
3548.133892336	-7.4936022622	-215.3674702767
3564.5113342627	-7.6954347963	-216.1074260126
3580.9643710267	-7.8967957289	-216.8286854469
3597.4933515577	-8.0976387183	-217.5318421634
3614.0986263964	-8.2979222273	-218.2174749458
3630.7805477013	-8.4976091655	-218.8861472699
3647.5394692564	-8.6966665518	-219.5384069501
3664.3757464786	-8.8950651981	-220.1747859195
3681.2897364256	-9.0927794115	-220.7958001259
3698.281797803	-9.2897867167	-221.4019495251
3715.352290972	-9.4860675964	-221.99371816
3732.5015779575	-9.6816052496	-222.5715743087
3749.7300224551	-9.8763853662	-223.1359706928
3767.0379898394	-10.0703959181	-223.6873447343
3784.4258471712	-10.2636269655	-224.2261188524
3801.8939632059	-10.4560704767	-224.7527007926
3819.4427084008	-10.6477201622	-225.2674839806
3837.0724549231	-10.8385713207	-225.7708478963
3854.783576658	-11.0286206966	-226.2631584613
3872.5764492165	-11.2178663496	-226.7447684365
3890.4514499431	-11.4063075331	-227.2160178256
3908.4089579243	-11.593944583	-227.677234282
3926.4493539963	-11.7807788148	-228.1287335145
3944.5730207531	-11.9668124296	-228.5708196921
3962.7803425547	-12.1520484266	-229.0037858442
3981.0717055353	-12.3364905236	-229.4279142545
3999.4474976113	-12.5201430835	-229.843476849
4017.9081084897	-12.7030110471	-230.250735575
4036.4539296764	-12.8850998709	-230.6499427718
4055.0853544842	-13.0664154707	-231.0413415316
4073.8027780415	-13.2469641698	-231.4251660505
4092.6065973004	-13.4267526509	-231.801641969
4111.4972110456	-13.6057879129	-232.1709867021
4130.475019902	-13.7840772308	-232.5334097587
4149.540426344	-13.9616281195	-232.8891130502
4168.6938347037	-14.1384483001	-233.2382911881
4187.9356511795	-14.3145456698	-233.5811317714
4207.2662838448	-14.4899282741	-233.9178156633
4226.6861426564	-14.6646042811	-234.2485172575
4246.1956394635	-14.8385819589	-234.5734047345
4265.7951880163	-15.0118696542	-234.892640308
4285.4852039748	-15.1844757735	-235.2063804613
4305.2661049175	-15.3564087655	-235.5147761749
4325.1383103504	-15.5276771056	-235.8179731446
4345.1022417161	-15.6982892813	-236.1161119912
4365.158322402	-15.8682537794	-236.4093284609
4385.3069777502	-16.0375790746	-236.6977536183
4405.5486350659	-16.2062736184	-236.981514031
4425.8837236266	-16.3743458301	-237.2607319467
4446.3126746915	-16.541804088	-237.5355254631
4466.83592151	-16.7086567217	-237.8060086902
4487.4538993317	-16.8749120055	-238.0722919064
4508.167045415	-17.040578152	-238.3344817075
4528.9757990366	-17.205663307	-238.5926811504
4549.8806015009	-17.3701755442	-238.8469898893
4570.8818961491	-17.5341228615	-239.0975043075
4591.9801283691	-17.6975131769	-239.3443176433
4613.1757456042	-17.8603543253	-239.5875201097
4634.4691973633	-18.0226540558	-239.8271990108
4655.86093523	-18.1844200294	-240.0634388515
4677.3514128724	-18.3456598164	-240.2963214442
4698.9410860525	-18.5063808954	-240.5259260096
4720.6304126363	-18.6665906513	-240.7523292744
4742.4198526028	-18.8262963745	-240.9756055642
4764.3098680546	-18.9855052599	-241.1958268931
4786.3009232268	-19.144224406	-241.4130630491
4808.3934844977	-19.3024608149	-241.6273816761
4830.5880203981	-19.4602213915	-241.838848353
4852.8850016216	-19.617512944	-242.0475266683
4875.2849010343	-19.7743421834	-242.2534782932
4897.7881936849	-19.9307157238	-242.4567630505
4920.3953568149	-20.0866400831	-242.6574389816
4943.1068698688	-20.2421216829	-242.8555624094
4965.9232145038	-20.3971668495	-243.0511880006
4988.8448746005	-20.551781814	-243.2443688237
5011.8723362731	-20.7059727135	-243.4351564056
5035.0060878795	-20.8597455916	-243.623600786
5058.2466200316	-21.0131063994	-243.8097505687
5081.594425606	-21.1660609962	-243.9936529721
5105.0499997545	-21.3186151506	-244.175353877
5128.6138399141	-21.4707745412	-244.3548978721
5152.286445818	-21.6225447583	-244.5323282989
5176.0683195061	-21.7739313042	-244.7076872938
5199.9599653356	-21.9249395947	-244.8810158287
5223.9618899916	-22.0755749601	-245.0523537509
5248.0746024982	-22.2258426464	-245.2217398199
5272.2986142287	-22.3757478163	-245.3892117445
5296.634438917	-22.5252955507	-245.5548062171
5321.0825926684	-22.6744908493	-245.7185589474
5345.6435939702	-22.8233386324	-245.8805046946
5370.317963703	-22.9718437416	-246.0406772986
5395.1062251517	-23.1200109413	-246.1991097097
5420.0089040167	-23.2678449197	-246.3558340173
5445.0265284247	-23.4153502901	-246.5108814778
5470.1596289402	-23.562531592	-246.6642825408
5495.4087385767	-23.7093932921	-246.8160668753
5520.774392808	-23.8559397861	-246.9662633939
5546.2571295796	-24.002175399	-247.1149002768
5571.8574893198	-24.148104387	-247.2620049949
5597.5760149516	-24.293730938	-247.4076043317
5623.413251904	-24.4390591734	-247.5517244044
5649.3697481235	-24.5840931487	-247.6943906848
5675.446054086	-24.7288368547	-247.835628019
5701.642722808	-24.8732942188	-247.9754606462
5727.9603098588	-25.017469106	-248.1139122175
5754.3993733721	-25.1613653199	-248.2510058133
5780.9604740577	-25.3049866036	-248.3867639607
5807.6441752136	-25.4483366412	-248.5212086498
5834.4510427379	-25.5914190585	-248.65436135
5861.3816451408	-25.7342374241	-248.7862430248
5888.4365535564	-25.8767952501	-248.9168741474
5915.6163417552	-26.0190959936	-249.0462747143
5942.9215861562	-26.1611430575	-249.17446426
5970.3528658389	-26.3029397912	-249.3014618694
5997.9107625556	-26.4444894918	-249.4272861917
6025.5958607441	-26.5857954048	-249.5519554523
6053.4087475397	-26.7268607253	-249.675487465
6081.3500127877	-26.8676885988	-249.7978996436
6109.4202490563	-27.0082821217	-249.9192090137
6137.6200516485	-27.1486443427	-250.0394322227
6165.9500186154	-27.2887782636	-250.1585855514
6194.4107507684	-27.4286868395	-250.2766849231
6223.0028516921	-27.5683729803	-250.3937459145
6251.7269277574	-27.7078395515	-250.5097837645
6280.5835881337	-27.8470893744	-250.6248133839
6309.5734448025	-27.9861252274	-250.738849364
6338.6971125698	-28.1249498466	-250.8519059857
6367.9552090797	-28.2635659265	-250.9639972273
6397.348354827	-28.4019761208	-251.0751367732
6426.8771731708	-28.5401830431	-251.1853380211
6456.5422903471	-28.6781892676	-251.2946140904
6486.344335483	-28.8159973298	-251.4029778289
6516.283940609	-28.9536097272	-251.5104418203
6546.3617406733	-29.0910289198	-251.6170183909
6576.5783735548	-29.2282573311	-251.7227196165
6606.9344800765	-29.3652973484	-251.8275573288
6637.4307040197	-29.5021513236	-251.9315431217
6668.0676921368	-29.6388215739	-252.0346883574
6698.8460941659	-29.775310382	-252.1370041723
6729.7665628438	-29.9116199972	-252.2385014829
6760.8297539204	-30.0477526358	-252.3391909911
6792.0363261724	-30.1837104816	-252.4390831898
6823.3869414173	-30.3194956864	-252.5381883681
6854.8822645272	-30.4551103708	-252.6365166164
6886.5229634434	-30.5905566245	-252.7340778312
6918.30970919	-30.7258365069	-252.83088172
6950.2431758886	-30.8609520477	-252.9269378061
6982.3240407723	-30.9959052473	-253.0222554327
7014.5529842003	-31.1306980775	-253.1168437677
7046.9306896721	-31.2653324817	-253.2107118077
7079.457843842	-31.3998103754	-253.3038683822
7112.1351365339	-31.5341336471	-253.3963221578
7144.9632607558	-31.6683041583	-253.4880816418
7177.9429127143	-31.8023237439	-253.5791551859
7211.0747918296	-31.9361942132	-253.6695509905
7244.3596007505	-32.0699173498	-253.7592771075
7277.7980453689	-32.2034949123	-253.8483414444
7311.3908348348	-32.3369286345	-253.9367517673
7345.1386815718	-32.4702202261	-254.0245157042
7379.0423012917	-32.6033713728	-254.1116407486
7413.1024130098	-32.736383737	-254.198134262
7447.3197390606	-32.8692589579	-254.2840034774
7481.6950051122	-33.0019986521	-254.369255502
7516.2289401827	-33.1346044139	-254.45389732
7550.922276655	-33.2670778156	-254.5379357956
7585.7757502925	-33.3994204079	-254.6213776757
7620.7901002548	-33.5316337203	-254.7042295923
7655.9660691132	-33.6637192615	-254.7864980651
7691.3044028668	-33.7956785195	-254.8681895044
7726.8058509577	-33.9275129621	-254.9493102127
7762.4711662876	-34.0592240374	-255.0298663881
7798.3011052333	-34.1908131738	-255.1098641258
7834.2964276628	-34.3222817803	-255.1893094205
7870.4578969517	-34.4536312473	-255.2682081688
7906.786279999	-34.5848629463	-255.3465661714
7943.2823472435	-34.7159782304	-255.4243891347
7979.9468726805	-34.846978435	-255.5016826732
8016.7806338775	-34.9778648775	-255.5784523114
8053.7844119914	-35.1086388577	-255.6547034855
8090.9589917846	-35.2393016584	-255.7304415456
8128.3051616417	-35.3698545454	-255.8056717573
8165.8237135867	-35.5002987679	-255.8803993034
8203.5154432989	-35.6306355585	-255.954629286
8241.3811501308	-35.7608661339	-256.0283667278
8279.4216371241	-35.8909916946	-256.1016165736
8317.6377110275	-36.0210134258	-256.1743836927
8356.0301823132	-36.1509324971	-256.2466728793
8394.5998651947	-36.2807500628	-256.3184888553
8433.3475776435	-36.4104672625	-256.3898362706
8472.2741414067	-36.5400852209	-256.4607197053
8511.3803820245	-36.6696050483	-256.5311436708
8550.6671288476	-36.7990278409	-256.6011126115
8590.1352150547	-36.9283546805	-256.6706309056
8629.7854776705	-37.0575866354	-256.7397028669
8669.618757583	-37.1867247601	-256.8083327458
8709.6358995616	-37.3157700956	-256.8765247307
8749.8377522752	-37.4447236699	-256.9442829491
8790.2251683096	-37.5735864979	-257.0116114691
8830.7990041864	-37.7023595817	-257.0785143
8871.5601203804	-37.8310439106	-257.1449953939
8912.5093813383	-37.9596404617	-257.2110586467
8953.6476554968	-38.0881501996	-257.2767078991
8994.9758153012	-38.2165740772	-257.3419469376
9036.4947372238	-38.344913035	-257.4067794957
9078.2053017827	-38.4731680022	-257.471209255
9120.1083935599	-38.6013398963	-257.5352398458
9162.2049012208	-38.7294296233	-257.5988748485
9204.4957175326	-38.8574380782	-257.662117794
9246.9817393831	-38.9853661447	-257.7249721652
9289.6638678002	-39.1132146959	-257.7874413977
9332.5430079708	-39.2409845939	-257.8495288804
9375.6200692597	-39.3686766905	-257.9112379566
9418.8959652293	-39.4962918268	-257.9725719251
9462.3716136588	-39.6238308338	-258.0335340404
9506.0479365637	-39.7512945322	-258.0941275141
9549.9258602152	-39.878683733	-258.154355515
9594.0063151602	-40.0059992372	-258.2142211709
9638.2902362406	-40.1332418359	-258.2737275682
9682.7785626134	-40.260412311	-258.3328777534
9727.4722377706	-40.3875114348	-258.3916747336
9772.372209559	-40.5145399703	-258.4501214771
9817.4794302008	-40.6414986713	-258.5082209143
9862.794856313	-40.7683882827	-258.565975938
9908.3194489286	-40.8952095403	-258.6233894045
9954.0541735162	-41.0219631713	-258.6804641339
10000.0000000009	-41.1486498941	-258.7372029111
10046.1579027849	-41.2752704187	-258.793608486
10092.5288607678	-41.4018254466	-258.8496835741
10139.1138573677	-41.528315671	-258.9054308578
10185.9138805421	-41.6547417768	-258.9608529858
10232.9299228085	-41.7811044411	-259.0159525748
10280.1629812657	-41.9074043327	-259.0707322094
10327.6140576149	-42.0336421127	-259.1251944428
10375.2841581811	-42.1598184346	-259.1793417972
10423.174293934	-42.285933944	-259.2331767648
10471.28548051	-42.4119892791	-259.2867018076
10519.6187382332	-42.5379850705	-259.3399193584
10568.1750921376	-42.6639219417	-259.3928318213
10616.9555719882	-42.7898005089	-259.4454415717
10665.9612123036	-42.9156213809	-259.4977509573
10715.1930523771	-43.0413851598	-259.5497622983
10764.6521362994	-43.1670924406	-259.601477888
10814.3395129804	-43.2927438113	-259.6528999929
10864.2562361717	-43.4183398535	-259.7040308535
10914.4033644886	-43.5438811416	-259.7548726847
10964.7819614329	-43.6693682439	-259.8054276759
11015.3930954152	-43.794801722	-259.8556979917
11066.2378397777	-43.920182131	-259.9056857721
11117.317272817	-44.0455100197	-259.9553931332
11168.6324778067	-44.1707859308	-260.0048221673
11220.1845430207	-44.2960104007	-260.0539749431
11271.9745617562	-44.4211839597	-260.1028535067
11324.0036323566	-44.5463071321	-260.1514598813
11376.2728582354	-44.6713804364	-260.1997960678
11428.7833478988	-44.7964043851	-260.2478640455
11481.5362149699	-44.9213794849	-260.2956657717
11534.532578212	-45.046306237	-260.3432031827
11587.7735615524	-45.1711851367	-260.3904781939
11641.260294106	-45.296016674	-260.4374926998
11694.9939101998	-45.4208013332	-260.4842485749
11748.9755493964	-45.5455395933	-260.5307476735
11803.2063565184	-45.6702319279	-260.5769918304
11857.6874816727	-45.7948788054	-260.6229828608
11912.4200802749	-45.919480689	-260.6687225611
11967.4053130736	-46.0440380365	-260.7142127084
12022.6443461753	-46.168551301	-260.7594550619
12078.138351069	-46.2930209303	-260.8044513619
12133.8885046509	-46.4174473674	-260.8492033311
12189.8959892498	-46.5418310503	-260.8937126743
12246.1619926517	-46.6661724122	-260.937981079
12302.687708125	-46.7904718816	-260.9820102153
12359.4743344463	-46.9147298822	-261.0258017364
12416.5230759253	-47.0389468332	-261.0693572788
12473.8351424306	-47.163123149	-261.1126784625
12531.4117494154	-47.2872592396	-261.1557668914
12589.2541179429	-47.4113555105	-261.198624153
12647.3634747127	-47.5354123626	-261.2412518194
12705.7410520866	-47.6594301928	-261.283651447
12764.3880881147	-47.7834093934	-261.3258245769
12823.3058265614	-47.9073503525	-261.367772735
12882.4955169326	-48.0312534539	-261.4094974324
12941.9584145011	-48.1551190775	-261.4510001653
13001.6957803342	-48.2789475988	-261.4922824157
13061.7088813197	-48.4027393894	-261.533345651
13121.9989901933	-48.5264948169	-261.5741913247
13182.5673855653	-48.6502142449	-261.6148208763
13243.4153519479	-48.773898033	-261.6552357317
13304.5441797822	-48.8975465371	-261.695437303
13365.9551654657	-49.0211601091	-261.7354269893
13427.6496113799	-49.1447390974	-261.7752061764
13489.6288259178	-49.2682838463	-261.8147762369
13551.8941235117	-49.3917946967	-261.854138531
13614.4468246608	-49.5152719857	-261.8932944059
13677.2882559598	-49.6387160471	-261.9322451966
13740.4197501265	-49.7621272106	-261.9709922255
13803.8426460302	-49.885505803	-262.0095368031
13867.5582887202	-50.0088521472	-262.0478802279
13931.5680294544	-50.1321665628	-262.0860237864
13995.8732257275	-50.2554493661	-262.1239687537
14060.4752413005	-50.3787008699	-262.161716393
14125.3754462289	-50.5019213838	-262.1992679566
14190.5752168923	-50.6251112142	-262.2366246852
14256.0759360233	-50.748270664	-262.2737878086
14321.8789927368	-50.8714000332	-262.3107585457
14387.9857825599	-50.9944996185	-262.3475381044
14454.3977074607	-51.1175697134	-262.3841276822
14521.1161758788	-51.2406106086	-262.4205284658
14588.1426027549	-51.3636225914	-262.4567416319
14655.4784095606	-51.4866059464	-262.4927683465
14723.1250243286	-51.6095609549	-262.5286097658
14791.0838816835	-51.7324878957	-262.5642670359
14859.3564228715	-51.8553870442	-262.5997412929
14927.9440957914	-51.9782586733	-262.6350336633
14996.8483550252	-52.1011030529	-262.670145264
15066.0706618689	-52.22392045	-262.7050772022
15135.6124843636	-52.346711129	-262.7398305759
15205.4752973265	-52.4694753516	-262.7744064736
15275.6605823822	-52.5922133765	-262.8088059749
15346.1698279945	-52.71492546	-262.84303015
15417.0045294971	-52.8376118556	-262.8770800606
15488.1661891263	-52.9602728141	-262.9109567591
15559.6563160523	-53.0829085841	-262.9446612894
15631.4764264111	-53.2055194111	-262.9781946868
15703.6280433371	-53.3281055385	-263.011557978
15776.112696995	-53.4506672069	-263.0447521812
15848.9319246127	-53.5732046546	-263.0777783065
15922.0872705133	-53.6957181174	-263.1106373555
15995.5802861483	-53.8182078286	-263.1433303218
16069.4125301304	-53.9406740193	-263.1758581911
16143.5855682665	-54.0631169181	-263.2082219409
16218.1009735909	-54.1855367512	-263.2404225409
16292.9603263988	-54.3079337426	-263.2724609533
16368.1652142797	-54.430308114	-263.3043381322
16443.717232151	-54.5526600847	-263.3360550245
16519.6179822918	-54.6749898719	-263.3676125694
16595.8690743773	-54.7972976907	-263.3990116988
16672.4721255123	-54.9195837536	-263.4302533371
16749.428760266	-55.0418482715	-263.4613384016
16826.7406107064	-55.1640914526	-263.4922678025
16904.4093164343	-55.2863135034	-263.5230424428
16982.4365246191	-55.4085146281	-263.5536632184
17060.8238900329	-55.5306950289	-263.5841310185
17139.573075086	-55.6528549059	-263.6144467253
17218.6857498618	-55.7749944572	-263.6446112144
17298.1635921528	-55.8971138789	-263.6746253544
17378.0082874955	-56.0192133652	-263.7044900076
17458.2215292068	-56.1412931081	-263.7342060295
17538.8050184194	-56.263353298	-263.7637742693
17619.7604641181	-56.3853941231	-263.7931955697
17701.089583176	-56.5074157698	-263.822470767
17782.794100391	-56.6294184227	-263.8516006914
17864.8757485223	-56.7514022645	-263.8805861667
17947.3362683271	-56.8733674759	-263.9094280107
18030.1774085975	-56.995314236	-263.9381270352
18113.4009261979	-57.1172427221	-263.9666840457
18197.0085861017	-57.2391531097	-263.995099842
18281.0021614293	-57.3610455723	-264.0233752179
18365.3834334853	-57.4829202819	-264.0515109616
18450.1541917966	-57.6047774089	-264.0795078552
18535.31623415	-57.7266171217	-264.1073666753
18620.8713666306	-57.8484395873	-264.1350881929
18706.8214036599	-57.9702449707	-264.1626731733
18793.1681680346	-58.0920334356	-264.1901223764
18879.9134909648	-58.2138051438	-264.2174365564
18967.0592121134	-58.3355602558	-264.2446164624
19054.6071796344	-58.4572989301	-264.2716628379
19142.5592502128	-58.5790213239	-264.2985764212
19230.9172891035	-58.7007275928	-264.3253579455
19319.6831701712	-58.8224178908	-264.3520081384
19408.8587759297	-58.9440923704	-264.3785277227
19498.4459975824	-59.0657511826	-264.4049174161
19588.4467350619	-59.1873944769	-264.4311779311
19678.8628970704	-59.3090224013	-264.4573099753
19769.6964011206	-59.4306351024	-264.4833142514
19860.9491735757	-59.5522327252	-264.509191457
19952.6231496908	-59.6738154134	-264.5349422852
20044.7202736537	-59.7953833093	-264.560567424
20137.2424986259	-59.9169365538	-264.5860675568
20230.1917867848	-60.0384752861	-264.6114433622
20323.5701093643	-60.1599996446	-264.6366955143
20417.3794466974	-60.2815097658	-264.6618246825
20511.6217882578	-60.4030057851	-264.6868315315
20606.2991327021	-60.5244878367	-264.7117167217
20701.4134879125	-60.6459560531	-264.736480909
20796.9668710391	-60.7674105659	-264.7611247446
20892.9613085425	-60.8888515051	-264.7856488757
20989.3988362374	-61.0102789997	-264.8100539447
21086.2814993351	-61.1316931772	-264.8343405901
21183.6113524872	-61.253094164	-264.858509446
21281.3904598293	-61.3744820851	-264.882561142
21379.6208950245	-61.4958570644	-264.9064963039
21478.3047413076	-61.6172192247	-264.9303155531
21577.4440915289	-61.7385686873	-264.9540195071
21677.0410481992	-61.8599055727	-264.977608779
21777.0977235338	-61.9812299997	-265.0010839781
21877.6162394978	-62.1025420865	-265.0244457097
21978.5987278505	-62.2238419498	-265.0476945751
22080.0473301913	-62.3451297052	-265.0708311715
22181.9641980045	-62.4664054674	-265.0938560925
22284.3514927054	-62.5876693496	-265.1167699277
22387.2113856857	-62.7089214642	-265.1395732627
22490.5460583601	-62.8301619225	-265.1622666797
22594.3577022121	-62.9513908345	-265.1848507568
22698.6485188406	-63.0726083093	-265.2073260685
22803.4207200066	-63.193814455	-265.2296931857
22908.6765276801	-63.3150093784	-265.2519526755
23014.4181740875	-63.4361931855	-265.2741051015
23120.6479017584	-63.5573659812	-265.2961510236
23227.3679635735	-63.6785278694	-265.3180909982
23334.5806228125	-63.7996789529	-265.3399255781
23442.2881532017	-63.9208193336	-265.3616553128
23550.4928389626	-64.0419491123	-265.383280748
23659.1969748601	-64.1630683891	-265.4048024264
23768.4028662513	-64.2841772628	-265.4262208869
23878.1128291343	-64.4052758314	-265.4475366651
23988.3291901974	-64.526364192	-265.4687502935
24099.0542868685	-64.6474424406	-265.489862301
24210.2904673643	-64.7685106724	-265.5108732133
24322.0400907407	-64.8895689818	-265.5317835529
24434.3055269423	-65.010617462	-265.552593839
24547.0891568529	-65.1316562054	-265.5733045875
24660.393372346	-65.2526853037	-265.5939163113
24774.2205763355	-65.3737048475	-265.61442952
24888.5731828265	-65.4947149266	-265.6348447202
25003.453616967	-65.61571563	-265.6551624154
25118.8643150985	-65.7367070457	-265.6753831057
25234.8077248084	-65.857689261	-265.6955072886
25351.2863049818	-65.9786623622	-265.7155354583
25468.3025258531	-66.099626435	-265.7354681061
25585.8588690592	-66.220581564	-265.7553057202
25703.9578276914	-66.3415278333	-265.7750487861
25822.6019063487	-66.4624653258	-265.794697786
25941.7936211909	-66.5833941241	-265.8142531995
26061.5354999917	-66.7043143095	-265.8337155033
26181.8300821926	-66.8252259629	-265.8530851711
26302.6799189566	-66.9461291643	-265.8723626738
26424.0875732223	-67.0670239928	-265.8915484794
26546.0556197582	-67.187910527	-265.9106430535
26668.5866452176	-67.3087888444	-265.9296468584
26791.6832481932	-67.4296590222	-265.9485603541
26915.348039272	-67.5505211365	-265.9673839975
27039.5836410913	-67.6713752629	-265.9861182431
27164.3926883937	-67.7922214761	-266.0047635426
27289.7778280833	-67.9130598501	-266.023320345
27415.7417192817	-68.0338904584	-266.0417890966
27542.2870333846	-68.1547133736	-266.0601702414
27669.4164541181	-68.2755286676	-266.0784642204
27797.1326775959	-68.3963364118	-266.0966714723
27925.4384123764	-68.5171366768	-266.1147924331
28054.3363795201	-68.6379295324	-266.1328275363
28183.8293126476	-68.758715048	-266.1507772129
28313.9199579968	-68.8794932921	-266.1686418913
28444.6110744822	-69.0002643327	-266.1864219976
28575.9054337525	-69.1210282371	-266.2041179553
28707.80582025	-69.2417850719	-266.2217301856
28840.3150312692	-69.3625349032	-266.239259107
28973.4358770163	-69.4832777965	-266.2567051358
29107.1711806692	-69.6040138163	-266.274068686
29241.5237784365	-69.724743027	-266.2913501689
29376.4965196185	-69.8454654921	-266.3085499939
29512.092266667	-69.9661812744	-266.3256685675
29648.3138952466	-70.0868904365	-266.3427062945
29785.1642942951	-70.20759304	-266.3596635769
29922.6463660851	-70.3282891461	-266.3765408147
30060.7630262855	-70.4489788155	-266.3933384056
30199.5172040234	-70.569662108	-266.4100567448
30338.911841946	-70.6903390833	-266.4266962256
30478.9498962831	-70.8110098001	-266.4432572388
30619.6343369101	-70.9316743168	-266.4597401734
30760.9681474104	-71.0523326912	-266.4761454157
30902.9543251393	-71.1729849806	-266.4924733501
31045.5958812869	-71.2936312415	-266.508724359
31188.8958409427	-71.4142715302	-266.5248988224
31332.8572431593	-71.5349059022	-266.5409971182
31477.4831410166	-71.6555344127	-266.5570196223
31622.7766016872	-71.7761571163	-266.5729667085
31768.7407065012	-71.896774067	-266.5888387484
31915.3785510111	-72.0173853184	-266.6046361117
32062.6932450581	-72.1379909234	-266.6203591659
32210.6879128379	-72.2585909347	-266.6360082767
32359.3656929663	-72.3791854043	-266.6515838074
32508.729738547	-72.4997743837	-266.6670861196
32658.7832172371	-72.620357924	-266.6825155729
32809.5293113155	-72.7409360759	-266.6978725247
32960.9712177494	-72.8615088893	-266.7131573307
33113.1121482627	-72.982076414	-266.7283703444
33265.9553294041	-73.1026386992	-266.7435119176
33419.5040026151	-73.2231957934	-266.7585824
33573.7614242991	-73.343747745	-266.7735821396
33728.7308658906	-73.4642946018	-266.7885114821
33884.415613924	-73.5848364111	-266.8033707717
34040.8189701038	-73.7053732198	-266.8181603507
34197.9442513746	-73.8259050744	-266.8328805593
34355.7947899912	-73.9464320208	-266.8475317361
34514.3739335894	-74.0669541047	-266.8621142177
34673.685045257	-74.1874713712	-266.8766283389
34833.731503605	-74.3079838651	-266.8910744328
34994.5167028396	-74.4284916307	-266.9054528307
35156.0440528337	-74.5489947118	-266.9197638619
35318.3169791996	-74.669493152	-266.9340078541
35481.3389233615	-74.7899869942	-266.9481851334
35645.1133426284	-74.9104762813	-266.9622960237
35809.6437102676	-75.0309610554	-266.9763408477
35974.9335155782	-75.1514413585	-266.9903199259
36140.9862639653	-75.271917232	-267.0042335774
36307.8054770141	-75.392388717	-267.0180821195
36475.3946925648	-75.5128558541	-267.0318658677
36643.7574647874	-75.6333186839	-267.0455851359
36812.8973642572	-75.753777246	-267.0592402365
36982.8179780307	-75.8742315803	-267.07283148
37153.5229097214	-75.9946817257	-267.0863591753
37325.0157795762	-76.1151277213	-267.0998236298
37497.3002245525	-76.2355696054	-267.113225149
37670.3798983951	-76.3560074161	-267.1265640372
37844.2584717135	-76.4764411912	-267.1398405966
38018.9396320603	-76.5968709682	-267.1530551283
38194.4270840089	-76.7172967839	-267.1662079313
38370.7245492322	-76.8377186753	-267.1792993035
38547.8357665815	-76.9581366785	-267.192329541
38725.764492166	-77.0785508296	-267.2052989384
38904.5144994324	-77.1989611643	-267.2182077886
39084.0895792446	-77.319367718	-267.2310563832
39264.4935399644	-77.4397705256	-267.2438450121
39445.7302075323	-77.5601696219	-267.2565739638
39627.8034255484	-77.6805650411	-267.2692435253
39810.7170553542	-77.8009568175	-267.281853982
39994.4749761142	-77.9213449845	-267.2944056178
40179.0810848985	-78.0417295758	-267.3068987153
40364.539296765	-78.1621106243	-267.3193335555
40550.8535448429	-78.2824881629	-267.3317104178
40738.0277804158	-78.4028622241	-267.3440295805
40926.0659730057	-78.5232328399	-267.3562913202
41114.9721104568	-78.6436000424	-267.3684959121
41304.7501990208	-78.763963863	-267.38064363
41495.404263441	-78.8843243331	-267.3927347464
41686.9383470382	-79.0046814837	-267.4047695321
41879.3565117965	-79.1250353454	-267.4167482569
42072.6628384491	-79.2453859487	-267.4286711888
42266.8614265651	-79.3657333237	-267.4405385948
42461.9563946361	-79.4860775002	-267.4523507402
42657.9518801641	-79.6064185079	-267.4641078892
42854.8520397488	-79.7267563761	-267.4758103045
43052.6610491759	-79.8470911337	-267.4874582474
43251.3831035058	-79.9674228095	-267.499051978
43451.0224171621	-80.087751432	-267.510591755
43651.5832240215	-80.2080770294	-267.5220778358
43853.0697775035	-80.3283996297	-267.5335104765
44055.4863506603	-80.4487192606	-267.5448899318
44258.8372362677	-80.5690359495	-267.5562164552
44463.1267469159	-80.6893497236	-267.5674902989
44668.3592151014	-80.8096606098	-267.5787117138
44874.5389933183	-80.9299686349	-267.5898809494
45081.6704541511	-81.0502738252	-267.6009982542
45289.7579903672	-81.1705762069	-267.6120638752
45498.80601501	-81.290875806	-267.6230780583
45708.8189614927	-81.4111726482	-267.634041048
45919.8012836921	-81.5314667589	-267.6449530876
46131.7574560432	-81.6517581634	-267.6558144194
46344.6919736341	-81.7720468867	-267.6666252842
46558.6093523012	-81.8923329534	-267.6773859216
46773.5141287252	-82.0126163882	-267.6880965702
46989.4108605269	-82.1328972153	-267.6987574672
47206.3041263644	-82.2531754589	-267.7093688486
47424.1985260299	-82.3734511427	-267.7199309494
47643.098680547	-82.4937242904	-267.7304440033
47863.0092322693	-82.6139949254	-267.7409082427
48083.9348449784	-82.7342630709	-267.751323899
48305.8802039828	-82.8545287499	-267.7616912024
48528.8500162177	-82.9747919851	-267.772010382
48752.8490103442	-83.0950527991	-267.7822816656
48977.8819368502	-83.2153112142	-267.7925052801
49203.9535681507	-83.3355672525	-267.8026814509
49431.0686986892	-83.4558209361	-267.8128104026
49659.2321450393	-83.5760722866	-267.8228923586
49888.448746007	-83.6963213255	-267.8329275411
50118.723362733	-83.8165680741	-267.8429161712
50350.0608787963	-83.9368125537	-267.852858469
50582.4662003172	-84.0570547851	-267.8627546534
50815.9442560619	-84.177294789	-267.8726049423
51050.4999975465	-84.297532586	-267.8824095525
51286.1383991424	-84.4177681965	-267.8921686995
51522.8644581816	-84.5380016405	-267.9018825982
51760.6831950628	-84.6582329382	-267.9115514619
51999.5996533576	-84.7784621092	-267.9211755032
52239.618899918	-84.8986891732	-267.9307549336
52480.7460249833	-85.0189141497	-267.9402899633
52722.9861422884	-85.1391370578	-267.9497808019
52966.3443891719	-85.2593579166	-267.9592276575
53210.8259266856	-85.379576745	-267.9686307375
53456.4359397034	-85.4997935618	-267.9779902481
53703.1796370315	-85.6200083855	-267.9873063946
53951.062251519	-85.7402212344	-267.9965793811
54200.0890401687	-85.8604321267	-268.005809411
54450.2652842485	-85.9806410805	-268.0149966864
54701.5962894035	-86.1008481137	-268.0241414085
54954.0873857689	-86.2210532439	-268.0332437776
55207.7439280822	-86.3412564887	-268.042303993
55462.5712957975	-86.4614578655	-268.0513222528
55718.5748931995	-86.5816573914	-268.0602987544
55975.7601495176	-86.7018550835	-268.069233694
56234.1325190415	-86.8220509588	-268.0781272672
56493.6974812369	-86.9422450338	-268.0869796681
56754.4605408614	-87.0624373254	-268.0957910904
57016.4272280814	-87.1826278498	-268.1045617265
57279.6030985896	-87.3028166233	-268.1132917679
57543.9937337224	-87.4230036621	-268.1219814053
57809.6047405786	-87.5431889821	-268.1306308283
58076.441752138	-87.6633725993	-268.1392402257
58344.5104273813	-87.7835545291	-268.1478097854
58613.8164514097	-87.9037347873	-268.1563396942
58884.3655355658	-88.0239133892	-268.1648301382
59156.1634175543	-88.14409035	-268.1732813024
59429.2158615642	-88.2642656849	-268.1816933711
59703.5286583907	-88.3844394088	-268.1900665276
59979.107625558	-88.5046115366	-268.1984009541
60255.9586074429	-88.6247820829	-268.2066968324
60534.0874753985	-88.7449510624	-268.2149543429
60813.5001278789	-88.8651184894	-268.2231736655
61094.2024905644	-88.9852843782	-268.231354979
61376.2005164867	-89.1054487431	-268.2394984615
61659.5001861555	-89.2256115979	-268.24760429
61944.1075076854	-89.3457729567	-268.2556726409
62230.0285169233	-89.4659328332	-268.2637036896
62517.269277576	-89.586091241	-268.2716976107
62805.8358813392	-89.7062481937	-268.2796545779
63095.7344480268	-89.8264037047	-268.2875747641
63386.9711257002	-89.9465577871	-268.2954583413
63679.5520907991	-90.0667104543	-268.3033054809
63973.4835482724	-90.1868617191	-268.3111163531
64268.7717317096	-90.3070115945	-268.3188911275
64565.4229034732	-90.4271600933	-268.326629973
64863.4433548315	-90.5473072282	-268.3343330573
65162.839406092	-90.6674530117	-268.3420005477
65463.6174067352	-90.7875974562	-268.3496326105
65765.7837355498	-90.907740574	-268.3572294111
66069.3448007674	-91.0278823774	-268.3647911143
66374.3070401988	-91.1480228785	-268.3723178841
66680.6769213701	-91.2681620892	-268.3798098835
66988.4609416606	-91.3883000214	-268.3872672748
67297.6656284398	-91.5084366869	-268.3946902197
67608.2975392062	-91.6285720973	-268.402078879
67920.3632617265	-91.7487062642	-268.4094334126
68233.8694141751	-91.868839199	-268.4167539798
68548.8226452743	-91.988970913	-268.4240407391
68865.2296344358	-92.1091014175	-268.4312938481
69183.0970919019	-92.2292307236	-268.4385134639
69502.431758888	-92.3493588423	-268.4456997427
69823.2404077255	-92.4694857845	-268.4528528399
70145.5298420055	-92.5896115611	-268.4599729101
70469.3068967231	-92.7097361828	-268.4670601075
70794.5784384223	-92.8298596601	-268.4741145851
71121.3513653414	-92.9499820037	-268.4811364956
71449.6326075599	-93.070103224	-268.4881259907
71779.4291271448	-93.1902233312	-268.4950832213
72110.7479182986	-93.3103423356	-268.5020083379
72443.5960075077	-93.4304602474	-268.50890149
72777.9804536911	-93.5505770766	-268.5157628265
73113.9083483505	-93.6706928331	-268.5225924955
73451.3868157203	-93.7908075269	-268.5293906446
73790.4230129189	-93.9109211676	-268.5361574205
74131.0241301006	-94.031033765	-268.5428929692
74473.1973906078	-94.1511453287	-268.5495974361
74816.9500511244	-94.2712558681	-268.5562709658
75162.2894018296	-94.3913653927	-268.5629137024
75509.2227665525	-94.5114739119	-268.5695257891
75857.7575029275	-94.6315814347	-268.5761073685
76207.9010025504	-94.7516879705	-268.5826585826
76559.6606911349	-94.8717935283	-268.5891795725
76913.0440286703	-94.9918981171	-268.5956704789
77268.0585095796	-95.1120017457	-268.6021314417
77624.7116628786	-95.232104423	-268.6085626001
77983.0110523353	-95.3522061578	-268.6149640926
78342.9642766307	-95.4723069587	-268.6213360573
78704.5789695194	-95.5924068343	-268.6276786313
79067.8627999921	-95.7125057931	-268.6339919513
79432.8234724378	-95.8326038436	-268.6402761533
79799.4687268073	-95.952700994	-268.6465313724
80167.8063387776	-96.0727972526	-268.6527577435
80537.8441199164	-96.1928926277	-268.6589554005
80909.5899178481	-96.3129871274	-268.6651244768
81283.0516164198	-96.4330807597	-268.6712651053
81658.2371358692	-96.5531735325	-268.6773774179
82035.1544329918	-96.6732654538	-268.6834615463
82413.8115013103	-96.7933565315	-268.6895176214
82794.2163712435	-96.9134467731	-268.6955457732
83176.3771102772	-97.0335361866	-268.7015461317
83560.301823135	-97.1536247793	-268.7075188256
83945.99865195	-97.273712559	-268.7134639835
84333.4757764378	-97.393799533	-268.7193817332
84722.74141407	-97.5138857087	-268.7252722019
85113.8038202481	-97.6339710936	-268.7311355161
85506.6712884788	-97.7540556948	-268.7369718019
85901.3521505501	-97.8741395196	-268.7427811847
86297.8547767076	-97.994222575	-268.7485637894
86696.1875758323	-98.1143048682	-268.75431974
87096.3589956187	-98.2343864062	-268.7600491603
87498.3775227543	-98.3544671959	-268.7657521734
87902.2516830992	-98.4745472442	-268.7714289016
88307.9900418671	-98.5946265578	-268.7770794669
88715.601203807	-98.7147051436	-268.7827039907
89125.0938133855	-98.8347830082	-268.7883025935
89536.4765549704	-98.9548601582	-268.7938753957
89949.7581530146	-99.0749366003	-268.7994225169
90364.9473722413	-99.1950123408	-268.804944076
90782.0530178297	-99.3150873863	-268.8104401915
91201.0839356022	-99.4351617432	-268.8159109815
91622.0490122113	-99.5552354177	-268.8213565632
92044.9571753285	-99.6753084162	-268.8267770534
92469.8173938337	-99.7953807447	-268.8321725685
92896.6386780051	-99.9154524096	-268.8375432242
93325.4300797106	-100.0355234169	-268.8428891355
93756.2006925996	-100.1555937726	-268.8482104172
94188.9596522958	-100.2756634827	-268.8535071834
94623.716136591	-100.3957325532	-268.8587795475
95060.4793656399	-100.5158009898	-268.8640276227
95499.2586021554	-100.6358687986	-268.8692515213
95940.0631516052	-100.7559359851	-268.8744513554
96382.902362409	-100.8760025551	-268.8796272364
96827.7856261369	-100.9960685143	-268.8847792752
97274.7223777086	-101.1161338683	-268.8899075821
97723.7220955932	-101.2361986227	-268.8950122671
98174.7943020106	-101.3562627828	-268.9000934395
98627.9485631333	-101.4763263544	-268.9051512082
99083.1944892891	-101.5963893426	-268.9101856814
99540.5417351651	-101.7164517529	-268.915196967
100000	-101.8365135905	-268.9201851722
