0.000000000000000e+000	0.000000e+000
9.765625114122045e-011	3.623345e-019
1.953125022824409e-010	1.203695e-018
2.960483905272340e-007	-1.100805e-008
5.919014685521855e-007	6.676051e-010
8.877545465771370e-007	3.502697e-008
1.183607624602089e-006	9.207003e-008
1.479460702627040e-006	1.717968e-007
1.775313780651992e-006	2.742073e-007
2.071166858676942e-006	3.993015e-007
2.469923829050614e-006	6.672428e-007
2.913254552702332e-006	1.084684e-006
3.376912690174301e-006	1.683205e-006
3.943480720560441e-006	2.673733e-006
4.575922097646587e-006	4.167385e-006
5.336610420476840e-006	6.592077e-006
6.200169327314509e-006	1.030635e-005
7.226079880789530e-006	1.625689e-005
8.403117455872521e-006	2.545985e-005
9.791694816267418e-006	4.008477e-005
1.139592554087995e-005	6.283035e-005
1.328154872457012e-005	9.878841e-005
1.547081108167719e-005	1.548825e-004
1.804064681456087e-005	2.432386e-004
2.103659902715146e-005	3.812463e-004
2.455539676917438e-005	5.979863e-004
2.867519734333673e-005	9.364578e-004
3.352664866495590e-005	1.466407e-003
3.923826093863171e-005	2.292535e-003
4.600125544956543e-005	3.580731e-003
5.403247550242745e-005	5.580483e-003
6.364423753789276e-005	8.641125e-003
7.340986253789276e-005	1.249829e-002
8.317548753789275e-005	1.711929e-002
9.294111253789275e-005	2.245556e-002
1.027067375378927e-004	2.842342e-002
1.124723625378927e-004	3.491035e-002
1.222379875378927e-004	4.177877e-002
1.320036125378928e-004	4.887020e-002
1.417692375378928e-004	5.600973e-002
1.515348625378928e-004	6.301074e-002
1.613004875378928e-004	6.967971e-002
1.710661125378928e-004	7.582100e-002
1.808317375378928e-004	8.124174e-002
1.905973625378928e-004	8.575629e-002
2.003629875378928e-004	8.919068e-002
2.101286125378928e-004	9.138657e-002
2.198942375378928e-004	9.220500e-002
2.296598625378928e-004	9.152943e-002
2.394254875378929e-004	8.926859e-002
2.491911125378929e-004	8.535858e-002
2.589567375378929e-004	7.976449e-002
2.687223625378929e-004	7.248142e-002
2.784879875378929e-004	6.353503e-002
2.882536125378929e-004	5.298134e-002
2.980192375378929e-004	4.090611e-002
3.077848625378929e-004	2.742363e-002
3.175504875378929e-004	1.267502e-002
3.273161125378929e-004	-3.173954e-003
3.370817375378929e-004	-1.993545e-002
3.468473625378929e-004	-3.740251e-002
3.566129875378930e-004	-5.535229e-002
3.663786125378930e-004	-7.354961e-002
3.761442375378930e-004	-9.175060e-002
3.859098625378930e-004	-1.097065e-001
3.956754875378930e-004	-1.271677e-001
4.054411125378930e-004	-1.438871e-001
4.152067375378930e-004	-1.596246e-001
4.249723625378930e-004	-1.741501e-001
4.347379875378930e-004	-1.872475e-001
4.445036125378930e-004	-1.987174e-001
4.542692375378930e-004	-2.083806e-001
4.640348625378931e-004	-2.160800e-001
4.738004875378931e-004	-2.216837e-001
4.835661125378931e-004	-2.250862e-001
4.933317375378930e-004	-2.262100e-001
5.030973625378930e-004	-2.250071e-001
5.128629875378930e-004	-2.214586e-001
5.226286125378931e-004	-2.155760e-001
5.323942375378931e-004	-2.074001e-001
5.421598625378931e-004	-1.970005e-001
5.519254875378931e-004	-1.844747e-001
5.616911125378931e-004	-1.699466e-001
5.714567375378931e-004	-1.535645e-001
5.812223625378931e-004	-1.354990e-001
5.909879875378931e-004	-1.159407e-001
6.007536125378931e-004	-9.509760e-002
6.105192375378931e-004	-7.319207e-002
6.202848625378931e-004	-5.045796e-002
6.300504875378931e-004	-2.713750e-002
6.398161125378932e-004	-3.478147e-003
6.495817375378932e-004	2.027063e-002
6.593473625378932e-004	4.386046e-002
6.691129875378932e-004	6.704713e-002
6.788786125378932e-004	8.959357e-002
6.886442375378932e-004	1.112726e-001
6.984098625378932e-004	1.318698e-001
7.081754875378932e-004	1.511853e-001
7.179411125378932e-004	1.690368e-001
7.277067375378932e-004	1.852607e-001
7.374723625378932e-004	1.997139e-001
7.472379875378932e-004	2.122756e-001
7.570036125378933e-004	2.228475e-001
7.667692375378933e-004	2.313550e-001
7.765348625378933e-004	2.377474e-001
7.863004875378933e-004	2.419981e-001
7.960661125378933e-004	2.441039e-001
8.058317375378933e-004	2.440849e-001
8.155973625378933e-004	2.419837e-001
8.253629875378933e-004	2.378639e-001
8.351286125378933e-004	2.318092e-001
8.448942375378933e-004	2.239215e-001
8.546598625378933e-004	2.143197e-001
8.644254875378934e-004	2.031374e-001
8.741911125378934e-004	1.905209e-001
8.839567375378934e-004	1.766276e-001
8.937223625378934e-004	1.616232e-001
9.034879875378934e-004	1.456801e-001
9.132536125378934e-004	1.289748e-001
9.230192375378934e-004	1.116859e-001
9.327848625378934e-004	9.399211e-002
9.425504875378934e-004	7.606992e-002
9.523161125378934e-004	5.809192e-002
9.620817375378934e-004	4.022487e-002
9.718473625378934e-004	2.262804e-002
9.816129875378935e-004	5.451720e-003
9.913786125378935e-004	-1.116415e-002
1.001144237537894e-003	-2.709113e-002
1.010909862537894e-003	-4.221328e-002
1.020675487537894e-003	-5.642789e-002
1.030441112537894e-003	-6.964611e-002
1.040206737537894e-003	-8.179332e-002
1.049972362537894e-003	-9.280931e-002
1.059737987537894e-003	-1.026483e-001
1.069503612537894e-003	-1.112788e-001
1.079269237537894e-003	-1.186831e-001
1.089034862537894e-003	-1.248572e-001
1.098800487537894e-003	-1.298096e-001
1.108566112537894e-003	-1.335608e-001
1.118331737537894e-003	-1.361427e-001
1.128097362537894e-003	-1.375970e-001
1.137862987537894e-003	-1.379748e-001
1.147628612537894e-003	-1.373349e-001
1.157394237537894e-003	-1.357432e-001
1.167159862537894e-003	-1.332710e-001
1.176925487537894e-003	-1.299942e-001
1.186691112537894e-003	-1.259920e-001
1.196456737537894e-003	-1.213457e-001
1.206222362537894e-003	-1.161374e-001
1.215987987537894e-003	-1.104496e-001
1.225753612537894e-003	-1.043632e-001
1.235519237537894e-003	-9.795769e-002
1.245284862537894e-003	-9.130938e-002
1.255050487537894e-003	-8.449118e-002
1.264816112537894e-003	-7.757178e-002
1.274581737537894e-003	-7.061512e-002
1.284347362537894e-003	-6.367994e-002
1.294112987537894e-003	-5.681944e-002
1.303878612537894e-003	-5.008105e-002
1.313644237537894e-003	-4.350625e-002
1.323409862537894e-003	-3.713056e-002
1.333175487537894e-003	-3.098358e-002
1.342941112537894e-003	-2.508909e-002
1.352706737537894e-003	-1.946528e-002
1.362472362537894e-003	-1.412503e-002
1.372237987537894e-003	-9.076240e-003
1.382003612537894e-003	-4.322227e-003
1.391769237537894e-003	1.378483e-004
1.401534862537894e-003	4.308505e-003
1.411300487537894e-003	8.197447e-003
1.421066112537894e-003	1.181506e-002
1.430831737537894e-003	1.517390e-002
1.440597362537894e-003	1.828817e-002
1.450362987537894e-003	2.117321e-002
1.460128612537894e-003	2.384506e-002
1.469894237537894e-003	2.631995e-002
1.479659862537894e-003	2.861392e-002
1.489425487537894e-003	3.074240e-002
1.499191112537894e-003	3.271988e-002
1.508956737537894e-003	3.455961e-002
1.518722362537894e-003	3.627336e-002
1.528487987537894e-003	3.787119e-002
1.538253612537894e-003	3.936132e-002
1.548019237537894e-003	4.075006e-002
1.557784862537894e-003	4.204169e-002
1.567550487537894e-003	4.323853e-002
1.577316112537894e-003	4.434094e-002
1.587081737537894e-003	4.534743e-002
1.596847362537894e-003	4.625478e-002
1.606612987537894e-003	4.705821e-002
1.616378612537894e-003	4.775158e-002
1.626144237537894e-003	4.832758e-002
1.635909862537894e-003	4.877802e-002
1.645675487537894e-003	4.909403e-002
1.655441112537894e-003	4.926640e-002
1.665206737537894e-003	4.928577e-002
1.674972362537894e-003	4.914296e-002
1.684737987537894e-003	4.882922e-002
1.694503612537894e-003	4.833650e-002
1.704269237537894e-003	4.765767e-002
1.714034862537894e-003	4.678676e-002
1.723800487537894e-003	4.571916e-002
1.733566112537894e-003	4.445181e-002
1.743331737537894e-003	4.298336e-002
1.753097362537894e-003	4.131424e-002
1.762862987537894e-003	3.944682e-002
1.772628612537894e-003	3.738544e-002
1.782394237537894e-003	3.513642e-002
1.792159862537894e-003	3.270810e-002
1.801925487537894e-003	3.011075e-002
1.811691112537894e-003	2.735656e-002
1.821456737537894e-003	2.445949e-002
1.831222362537894e-003	2.143519e-002
1.840987987537894e-003	1.830084e-002
1.850753612537894e-003	1.507496e-002
1.860519237537894e-003	1.177726e-002
1.870284862537894e-003	8.428398e-003
1.880050487537894e-003	5.049775e-003
1.889816112537894e-003	1.663320e-003
1.899581737537894e-003	-1.708762e-003
1.909347362537894e-003	-5.044215e-003
1.919112987537894e-003	-8.320972e-003
1.928878612537894e-003	-1.151739e-002
1.938644237537894e-003	-1.461247e-002
1.948409862537894e-003	-1.758606e-002
1.958175487537894e-003	-2.041910e-002
1.967941112537894e-003	-2.309375e-002
1.977706737537894e-003	-2.559361e-002
1.987472362537894e-003	-2.790383e-002
1.997237987537893e-003	-3.001129e-002
2.007003612537893e-003	-3.190463e-002
2.016769237537893e-003	-3.357443e-002
2.026534862537893e-003	-3.501321e-002
2.036300487537892e-003	-3.621545e-002
2.046066112537892e-003	-3.717769e-002
2.055831737537892e-003	-3.789842e-002
2.065597362537892e-003	-3.837813e-002
2.075362987537892e-003	-3.861921e-002
2.085128612537891e-003	-3.862590e-002
2.094894237537891e-003	-3.840420e-002
2.104659862537891e-003	-3.796173e-002
2.114425487537891e-003	-3.730768e-002
2.124191112537891e-003	-3.645260e-002
2.133956737537890e-003	-3.540829e-002
2.143722362537890e-003	-3.418766e-002
2.153487987537890e-003	-3.280454e-002
2.163253612537890e-003	-3.127354e-002
2.173019237537890e-003	-2.960988e-002
2.182784862537889e-003	-2.782919e-002
2.192550487537889e-003	-2.594740e-002
2.202316112537889e-003	-2.398056e-002
2.212081737537889e-003	-2.194467e-002
2.221847362537889e-003	-1.985555e-002
2.231612987537888e-003	-1.772870e-002
2.241378612537888e-003	-1.557919e-002
2.251144237537888e-003	-1.342149e-002
2.260909862537888e-003	-1.126944e-002
2.270675487537887e-003	-9.136121e-003
2.280441112537887e-003	-7.033763e-003
2.290206737537887e-003	-4.973718e-003
2.299972362537887e-003	-2.966384e-003
2.309737987537887e-003	-1.021181e-003
2.319503612537886e-003	8.534748e-004
2.329269237537886e-003	2.650183e-003
2.339034862537886e-003	4.362555e-003
2.348800487537886e-003	5.985200e-003
2.358566112537886e-003	7.513703e-003
2.368331737537885e-003	8.944590e-003
2.378097362537885e-003	1.027528e-002
2.387862987537885e-003	1.150406e-002
2.397628612537885e-003	1.262999e-002
2.407394237537885e-003	1.365287e-002
2.417159862537884e-003	1.457318e-002
2.426925487537884e-003	1.539200e-002
2.436691112537884e-003	1.611092e-002
2.446456737537884e-003	1.673202e-002
2.456222362537884e-003	1.725778e-002
2.465987987537883e-003	1.769098e-002
2.475753612537883e-003	1.803470e-002
2.485519237537883e-003	1.829221e-002
2.495284862537883e-003	1.846693e-002
2.505050487537882e-003	1.856237e-002
2.514816112537882e-003	1.858210e-002
2.524581737537882e-003	1.852969e-002
2.544112987537882e-003	1.822257e-002
2.563644237537881e-003	1.766852e-002
2.573409862537881e-003	1.730708e-002
2.583175487537881e-003	1.689349e-002
2.592941112537881e-003	1.643070e-002
2.602706737537880e-003	1.592152e-002
2.612472362537880e-003	1.536867e-002
2.622237987537880e-003	1.477476e-002
2.632003612537880e-003	1.414228e-002
2.641769237537880e-003	1.347368e-002
2.651534862537879e-003	1.277133e-002
2.661300487537879e-003	1.203759e-002
2.671066112537879e-003	1.127476e-002
2.680831737537879e-003	1.048518e-002
2.690597362537879e-003	9.671178e-003
2.700362987537878e-003	8.835150e-003
2.710128612537878e-003	7.979531e-003
2.719894237537878e-003	7.106835e-003
2.729659862537878e-003	6.219659e-003
2.739425487537878e-003	5.320696e-003
2.749191112537877e-003	4.412740e-003
2.758956737537877e-003	3.498696e-003
2.768722362537877e-003	2.581574e-003
2.778487987537877e-003	1.664492e-003
2.788253612537876e-003	7.506687e-004
2.798019237537876e-003	-1.565861e-004
2.807784862537876e-003	-1.053882e-003
2.817550487537876e-003	-1.937764e-003
2.827316112537876e-003	-2.804729e-003
2.837081737537875e-003	-3.651250e-003
2.846847362537875e-003	-4.473792e-003
2.856612987537875e-003	-5.268844e-003
2.866378612537875e-003	-6.032940e-003
2.876144237537875e-003	-6.762689e-003
2.885909862537874e-003	-7.454799e-003
2.895675487537874e-003	-8.106112e-003
2.905441112537874e-003	-8.713624e-003
2.915206737537874e-003	-9.274518e-003
2.924972362537874e-003	-9.786193e-003
2.934737987537873e-003	-1.024628e-002
2.944503612537873e-003	-1.065268e-002
2.954269237537873e-003	-1.100357e-002
2.964034862537873e-003	-1.129743e-002
2.973800487537873e-003	-1.153306e-002
2.983566112537872e-003	-1.170960e-002
2.993331737537872e-003	-1.182652e-002
3.003097362537872e-003	-1.188365e-002
3.012862987537872e-003	-1.188119e-002
3.022628612537871e-003	-1.181967e-002
3.032394237537871e-003	-1.170000e-002
3.042159862537871e-003	-1.152342e-002
3.051925487537871e-003	-1.129153e-002
3.061691112537871e-003	-1.100624e-002
3.071456737537870e-003	-1.066978e-002
3.081222362537870e-003	-1.028469e-002
3.090987987537870e-003	-9.853773e-003
3.100753612537870e-003	-9.380078e-003
3.110519237537870e-003	-8.866897e-003
3.120284862537869e-003	-8.317717e-003
3.130050487537869e-003	-7.736201e-003
3.139816112537869e-003	-7.126157e-003
3.149581737537869e-003	-6.491506e-003
3.159347362537869e-003	-5.836256e-003
3.169112987537868e-003	-5.164467e-003
3.178878612537868e-003	-4.480224e-003
3.188644237537868e-003	-3.787604e-003
3.198409862537868e-003	-3.090648e-003
3.208175487537868e-003	-2.393336e-003
3.217941112537867e-003	-1.699552e-003
3.227706737537867e-003	-1.013065e-003
3.237472362537867e-003	-3.375059e-004
3.247237987537867e-003	3.236604e-004
3.257003612537866e-003	9.671499e-004
3.266769237537866e-003	1.589879e-003
3.276534862537866e-003	2.188979e-003
3.286300487537866e-003	2.761811e-003
3.296066112537866e-003	3.305976e-003
3.305831737537865e-003	3.819320e-003
3.315597362537865e-003	4.299946e-003
3.325362987537865e-003	4.746213e-003
3.335128612537865e-003	5.156738e-003
3.344894237537865e-003	5.530397e-003
3.354659862537864e-003	5.866323e-003
3.364425487537864e-003	6.163897e-003
3.374191112537864e-003	6.422745e-003
3.383956737537864e-003	6.642730e-003
3.393722362537864e-003	6.823938e-003
3.403487987537863e-003	6.966675e-003
3.413253612537863e-003	7.071447e-003
3.423019237537863e-003	7.138953e-003
3.442550487537863e-003	7.165825e-003
3.462081737537862e-003	7.056153e-003
3.471847362537862e-003	6.953478e-003
3.481612987537862e-003	6.820929e-003
3.491378612537861e-003	6.660136e-003
3.501144237537861e-003	6.472802e-003
3.510909862537861e-003	6.260692e-003
3.520675487537861e-003	6.025618e-003
3.530441112537861e-003	5.769428e-003
3.540206737537860e-003	5.493991e-003
3.549972362537860e-003	5.201190e-003
3.559737987537860e-003	4.892910e-003
3.569503612537860e-003	4.571025e-003
3.579269237537860e-003	4.237398e-003
3.589034862537859e-003	3.893862e-003
3.598800487537859e-003	3.542223e-003
3.608566112537859e-003	3.184247e-003
3.618331737537859e-003	2.821661e-003
3.628097362537859e-003	2.456140e-003
3.637862987537858e-003	2.089310e-003
3.647628612537858e-003	1.722744e-003
3.657394237537858e-003	1.357954e-003
3.667159862537858e-003	9.963955e-004
3.676925487537858e-003	6.394608e-004
3.686691112537857e-003	2.884803e-004
3.696456737537857e-003	-5.527978e-005
3.706222362537857e-003	-3.906177e-004
3.715987987537857e-003	-7.163969e-004
3.725753612537856e-003	-1.031546e-003
3.735519237537856e-003	-1.335061e-003
3.745284862537856e-003	-1.626001e-003
3.755050487537856e-003	-1.903493e-003
3.764816112537856e-003	-2.166731e-003
3.774581737537855e-003	-2.414974e-003
3.784347362537855e-003	-2.647549e-003
3.794112987537855e-003	-2.863848e-003
3.803878612537855e-003	-3.063331e-003
3.813644237537855e-003	-3.245527e-003
3.823409862537854e-003	-3.410030e-003
3.833175487537854e-003	-3.556505e-003
3.852706737537854e-003	-3.794367e-003
3.872237987537853e-003	-3.957804e-003
3.891769237537853e-003	-4.046621e-003
3.901534862537853e-003	-4.063293e-003
3.911300487537853e-003	-4.061745e-003
3.921066112537852e-003	-4.042266e-003
3.930831737537852e-003	-4.005217e-003
3.940597362537852e-003	-3.951022e-003
3.950362987537852e-003	-3.880175e-003
3.960128612537851e-003	-3.793234e-003
3.969894237537851e-003	-3.690820e-003
3.979659862537851e-003	-3.573615e-003
3.989425487537851e-003	-3.442358e-003
3.999191112537851e-003	-3.297844e-003
4.008956737537850e-003	-3.140920e-003
4.018722362537850e-003	-2.972482e-003
4.028487987537850e-003	-2.793469e-003
4.038253612537850e-003	-2.604861e-003
4.048019237537850e-003	-2.407673e-003
4.057784862537849e-003	-2.202948e-003
4.067550487537849e-003	-1.991758e-003
4.077316112537849e-003	-1.775193e-003
4.087081737537849e-003	-1.554357e-003
4.096847362537849e-003	-1.330364e-003
4.106612987537848e-003	-1.104328e-003
4.116378612537848e-003	-8.773633e-004
4.126144237537848e-003	-6.505729e-004
4.135909862537848e-003	-4.250459e-004
4.145675487537848e-003	-2.018508e-004
4.155441112537847e-003	1.797034e-005
4.165206737537847e-003	2.334069e-004
4.174972362537847e-003	4.434853e-004
4.184737987537847e-003	6.472739e-004
4.194503612537846e-003	8.438877e-004
4.204269237537846e-003	1.032493e-003
4.214034862537846e-003	1.212310e-003
4.223800487537846e-003	1.382619e-003
4.233566112537846e-003	1.542762e-003
4.243331737537845e-003	1.692146e-003
4.253097362537845e-003	1.830243e-003
4.262862987537845e-003	1.956597e-003
4.272628612537845e-003	2.070820e-003
4.282394237537845e-003	2.172597e-003
4.292159862537844e-003	2.261684e-003
4.301925487537844e-003	2.337908e-003
4.311691112537844e-003	2.401169e-003
4.321456737537844e-003	2.451435e-003
4.331222362537844e-003	2.488744e-003
4.340987987537843e-003	2.513204e-003
4.360519237537843e-003	2.524314e-003
4.370284862537843e-003	2.511490e-003
4.380050487537843e-003	2.486861e-003
4.389816112537842e-003	2.450828e-003
4.399581737537842e-003	2.403843e-003
4.409347362537842e-003	2.346402e-003
4.419112987537842e-003	2.279044e-003
4.428878612537841e-003	2.202345e-003
4.438644237537841e-003	2.116912e-003
4.448409862537841e-003	2.023384e-003
4.458175487537841e-003	1.922421e-003
4.467941112537841e-003	1.814704e-003
4.477706737537840e-003	1.700932e-003
4.487472362537840e-003	1.581811e-003
4.497237987537840e-003	1.458057e-003
4.507003612537840e-003	1.330388e-003
4.516769237537840e-003	1.199522e-003
4.526534862537839e-003	1.066170e-003
4.536300487537839e-003	9.310385e-004
4.546066112537839e-003	7.948189e-004
4.555831737537839e-003	6.581892e-004
4.565597362537839e-003	5.218096e-004
4.575362987537838e-003	3.863195e-004
4.585128612537838e-003	2.523352e-004
4.594894237537838e-003	1.204476e-004
4.604659862537838e-003	-8.779774e-006
4.614425487537838e-003	-1.348126e-004
4.624191112537837e-003	-2.571475e-004
4.633956737537837e-003	-3.753132e-004
4.643722362537837e-003	-4.888716e-004
4.653487987537837e-003	-5.974189e-004
4.663253612537836e-003	-7.005862e-004
4.673019237537836e-003	-7.980398e-004
4.682784862537836e-003	-8.894819e-004
4.692550487537836e-003	-9.746502e-004
4.702316112537836e-003	-1.053318e-003
4.712081737537835e-003	-1.125295e-003
4.721847362537835e-003	-1.190426e-003
4.731612987537835e-003	-1.248588e-003
4.741378612537835e-003	-1.299695e-003
4.751144237537835e-003	-1.343694e-003
4.760909862537834e-003	-1.380562e-003
4.780441112537834e-003	-1.432980e-003
4.799972362537834e-003	-1.457392e-003
4.819503612537833e-003	-1.454691e-003
4.829269237537833e-003	-1.443566e-003
4.839034862537833e-003	-1.426183e-003
4.848800487537833e-003	-1.402762e-003
4.858566112537832e-003	-1.373544e-003
4.868331737537832e-003	-1.338789e-003
4.878097362537832e-003	-1.298775e-003
4.887862987537832e-003	-1.253795e-003
4.897628612537831e-003	-1.204155e-003
4.907394237537831e-003	-1.150178e-003
4.917159862537831e-003	-1.092194e-003
4.926925487537831e-003	-1.030546e-003
4.936691112537831e-003	-9.655849e-004
4.946456737537830e-003	-8.976667e-004
4.956222362537830e-003	-8.271540e-004
4.965987987537830e-003	-7.544134e-004
4.975753612537830e-003	-6.798133e-004
4.985519237537830e-003	-6.037231e-004
4.995284862537829e-003	-5.265113e-004
5.005050487537829e-003	-4.485446e-004
5.014816112537829e-003	-3.701858e-004
5.024581737537829e-003	-2.917927e-004
5.034347362537829e-003	-2.137168e-004
5.044112987537828e-003	-1.363018e-004
5.053878612537828e-003	-5.988230e-005
5.063644237537828e-003	1.521751e-005
5.073409862537828e-003	8.868497e-005
5.083175487537828e-003	1.602202e-004
5.092941112537827e-003	2.295372e-004
5.102706737537827e-003	2.963648e-004
5.112472362537827e-003	3.604479e-004
5.122237987537827e-003	4.215481e-004
5.132003612537826e-003	4.794446e-004
5.141769237537826e-003	5.339351e-004
5.151534862537826e-003	5.848363e-004
5.161300487537826e-003	6.319844e-004
5.171066112537826e-003	6.752359e-004
5.180831737537825e-003	7.144677e-004
5.190597362537825e-003	7.495774e-004
5.200362987537825e-003	7.804835e-004
5.210128612537825e-003	8.071257e-004
5.219894237537825e-003	8.294645e-004
5.239425487537824e-003	8.611786e-004
5.258956737537824e-003	8.757234e-004
5.278487987537823e-003	8.735142e-004
5.288253612537823e-003	8.663391e-004
5.298019237537823e-003	8.552658e-004
5.307784862537823e-003	8.404265e-004
5.317550487537823e-003	8.219691e-004
5.327316112537822e-003	8.000557e-004
5.337081737537822e-003	7.748622e-004
5.346847362537822e-003	7.465766e-004
5.356612987537822e-003	7.153980e-004
5.366378612537822e-003	6.815355e-004
5.376144237537821e-003	6.452069e-004
5.385909862537821e-003	6.066373e-004
5.395675487537821e-003	5.660583e-004
5.405441112537821e-003	5.237061e-004
5.415206737537820e-003	4.798204e-004
5.424972362537820e-003	4.346435e-004
5.434737987537820e-003	3.884185e-004
5.444503612537820e-003	3.413885e-004
5.454269237537820e-003	2.937948e-004
5.464034862537819e-003	2.458766e-004
5.473800487537819e-003	1.978688e-004
5.483566112537819e-003	1.500019e-004
5.493331737537819e-003	1.025001e-004
5.503097362537819e-003	5.558099e-005
5.512862987537818e-003	9.454196e-006
5.522628612537818e-003	-3.567931e-005
5.532394237537818e-003	-7.962807e-005
5.542159862537818e-003	-1.222108e-004
5.551925487537818e-003	-1.632572e-004
5.561691112537817e-003	-2.026083e-004
5.571456737537817e-003	-2.401170e-004
5.581222362537817e-003	-2.756490e-004
5.590987987537817e-003	-3.090821e-004
5.600753612537817e-003	-3.403077e-004
5.610519237537816e-003	-3.692300e-004
5.620284862537816e-003	-3.957668e-004
5.630050487537816e-003	-4.198491e-004
5.639816112537816e-003	-4.414214e-004
5.649581737537815e-003	-4.604415e-004
5.659347362537815e-003	-4.768802e-004
5.669112987537815e-003	-4.907214e-004
5.688644237537815e-003	-5.106096e-004
5.708175487537814e-003	-5.202240e-004
5.727706737537814e-003	-5.198669e-004
5.737472362537814e-003	-5.160903e-004
5.747237987537813e-003	-5.100098e-004
5.757003612537813e-003	-5.017081e-004
5.766769237537813e-003	-4.912757e-004
5.776534862537813e-003	-4.788110e-004
5.786300487537813e-003	-4.644193e-004
5.796066112537812e-003	-4.482121e-004
5.805831737537812e-003	-4.303066e-004
5.815597362537812e-003	-4.108249e-004
5.825362987537812e-003	-3.898933e-004
5.835128612537812e-003	-3.676417e-004
5.844894237537811e-003	-3.442029e-004
5.854659862537811e-003	-3.197118e-004
5.864425487537811e-003	-2.943050e-004
5.874191112537811e-003	-2.681198e-004
5.883956737537810e-003	-2.412939e-004
5.893722362537810e-003	-2.139646e-004
5.903487987537810e-003	-1.862681e-004
5.913253612537810e-003	-1.583394e-004
5.923019237537810e-003	-1.303110e-004
5.932784862537809e-003	-1.023129e-004
5.942550487537809e-003	-7.447215e-005
5.952316112537809e-003	-4.691190e-005
5.962081737537809e-003	-1.975135e-005
5.971847362537809e-003	6.894829e-006
5.981612987537808e-003	3.291688e-005
5.991378612537808e-003	5.821032e-005
6.001144237537808e-003	8.267626e-005
6.010909862537808e-003	1.062217e-004
6.020675487537808e-003	1.287600e-004
6.030441112537807e-003	1.502107e-004
6.040206737537807e-003	1.705001e-004
6.049972362537807e-003	1.895614e-004
6.059737987537807e-003	2.073346e-004
6.069503612537807e-003	2.237669e-004
6.079269237537806e-003	2.388126e-004
6.089034862537806e-003	2.524332e-004
6.098800487537806e-003	2.645976e-004
6.108566112537806e-003	2.752818e-004
6.128097362537805e-003	2.921490e-004
6.147628612537805e-003	3.029849e-004
6.167159862537804e-003	3.078493e-004
6.186691112537804e-003	3.069067e-004
6.196456737537804e-003	3.043359e-004
6.206222362537804e-003	3.004188e-004
6.215987987537803e-003	2.952019e-004
6.225753612537803e-003	2.887368e-004
6.235519237537803e-003	2.810797e-004
6.245284862537803e-003	2.722912e-004
6.255050487537803e-003	2.624358e-004
6.264816112537802e-003	2.515813e-004
6.274581737537802e-003	2.397993e-004
6.284347362537802e-003	2.271636e-004
6.294112987537802e-003	2.137507e-004
6.303878612537802e-003	1.996392e-004
6.313644237537801e-003	1.849092e-004
6.323409862537801e-003	1.696420e-004
6.333175487537801e-003	1.539197e-004
6.342941112537801e-003	1.378249e-004
6.352706737537800e-003	1.214401e-004
6.362472362537800e-003	1.048477e-004
6.372237987537800e-003	8.812900e-005
6.382003612537800e-003	7.136450e-005
6.391769237537800e-003	5.463310e-005
6.401534862537799e-003	3.801192e-005
6.411300487537799e-003	2.157596e-005
6.421066112537799e-003	5.397768e-006
6.430831737537799e-003	-1.045283e-005
6.440597362537799e-003	-2.590902e-005
6.450362987537798e-003	-4.090725e-005
6.460128612537798e-003	-5.538746e-005
6.469894237537798e-003	-6.929331e-005
6.479659862537798e-003	-8.257236e-005
6.489425487537798e-003	-9.517624e-005
6.499191112537797e-003	-1.070608e-004
6.508956737537797e-003	-1.181862e-004
6.518722362537797e-003	-1.285171e-004
6.528487987537797e-003	-1.380225e-004
6.538253612537797e-003	-1.466762e-004
6.548019237537796e-003	-1.544565e-004
6.567550487537796e-003	-1.673327e-004
6.587081737537795e-003	-1.765686e-004
6.606612987537795e-003	-1.821531e-004
6.626144237537795e-003	-1.841435e-004
6.645675487537794e-003	-1.826615e-004
6.655441112537794e-003	-1.806727e-004
6.665206737537794e-003	-1.778878e-004
6.674972362537794e-003	-1.743379e-004
6.684737987537793e-003	-1.700565e-004
6.694503612537793e-003	-1.650801e-004
6.704269237537793e-003	-1.594476e-004
6.714034862537793e-003	-1.532000e-004
6.723800487537793e-003	-1.463802e-004
6.733566112537792e-003	-1.390331e-004
6.743331737537792e-003	-1.312046e-004
6.753097362537792e-003	-1.229421e-004
6.762862987537792e-003	-1.142939e-004
6.772628612537792e-003	-1.053089e-004
6.782394237537791e-003	-9.603651e-005
6.792159862537791e-003	-8.652639e-005
6.801925487537791e-003	-7.682809e-005
6.811691112537791e-003	-6.699089e-005
6.821456737537790e-003	-5.706363e-005
6.831222362537790e-003	-4.709439e-005
6.840987987537790e-003	-3.713039e-005
6.850753612537790e-003	-2.721768e-005
6.860519237537790e-003	-1.740105e-005
6.870284862537789e-003	-7.723803e-006
6.880050487537789e-003	1.772416e-006
6.889816112537789e-003	1.104775e-005
6.899581737537789e-003	2.006428e-005
6.909347362537789e-003	2.878617e-005
6.919112987537788e-003	3.717975e-005
6.928878612537788e-003	4.521364e-005
6.938644237537788e-003	5.285887e-005
6.948409862537788e-003	6.008889e-005
6.958175487537788e-003	6.687969e-005
6.967941112537787e-003	7.320983e-005
6.977706737537787e-003	7.906046e-005
6.997237987537787e-003	8.926110e-005
7.016769237537786e-003	9.738376e-005
7.036300487537786e-003	1.033727e-004
7.055831737537785e-003	1.072133e-004
7.075362987537785e-003	1.089306e-004
7.094894237537785e-003	1.085869e-004
7.114425487537784e-003	1.062791e-004
7.133956737537784e-003	1.021351e-004
7.153487987537783e-003	9.631084e-005
7.163253612537783e-003	9.282379e-005
7.173019237537783e-003	8.898550e-005
7.182784862537783e-003	8.482137e-005
7.192550487537783e-003	8.035774e-005
7.202316112537782e-003	7.562173e-005
7.212081737537782e-003	7.064114e-005
7.221847362537782e-003	6.544424e-005
7.231612987537782e-003	6.005973e-005
7.241378612537782e-003	5.451651e-005
7.251144237537781e-003	4.884358e-005
7.260909862537781e-003	4.306991e-005
7.270675487537781e-003	3.722430e-005
7.280441112537781e-003	3.133528e-005
7.290206737537780e-003	2.543093e-005
7.299972362537780e-003	1.953880e-005
7.309737987537780e-003	1.368580e-005
7.319503612537780e-003	7.898074e-006
7.329269237537780e-003	2.200892e-006
7.339034862537779e-003	-3.381426e-006
7.348800487537779e-003	-8.825619e-006
7.358566112537779e-003	-1.410956e-005
7.368331737537779e-003	-1.921235e-005
7.387862987537778e-003	-2.879730e-005
7.407394237537778e-003	-3.744000e-005
7.426925487537778e-003	-4.502316e-005
7.446456737537777e-003	-5.145384e-005
7.465987987537777e-003	-5.666415e-005
7.485519237537776e-003	-6.061142e-005
7.505050487537776e-003	-6.327794e-005
7.524581737537775e-003	-6.467024e-005
7.544112987537775e-003	-6.481794e-005
7.563644237537775e-003	-6.377223e-005
7.583175487537774e-003	-6.160406e-005
7.602706737537774e-003	-5.840188e-005
7.612472362537774e-003	-5.644492e-005
7.622237987537773e-003	-5.426940e-005
7.632003612537773e-003	-5.189021e-005
7.641769237537773e-003	-4.932291e-005
7.651534862537773e-003	-4.658354e-005
7.661300487537773e-003	-4.368864e-005
7.671066112537772e-003	-4.065508e-005
7.680831737537772e-003	-3.750000e-005
7.690597362537772e-003	-3.424076e-005
7.700362987537772e-003	-3.089479e-005
7.710128612537772e-003	-2.747956e-005
7.719894237537771e-003	-2.401245e-005
7.729659862537771e-003	-2.051072e-005
7.739425487537771e-003	-1.699141e-005
7.749191112537771e-003	-1.347125e-005
7.768722362537770e-003	-6.493407e-006
7.788253612537770e-003	2.974845e-007
7.807784862537769e-003	6.785063e-006
7.827316112537770e-003	1.286368e-005
7.846847362537769e-003	1.843987e-005
7.866378612537769e-003	2.343355e-005
7.885909862537769e-003	2.777884e-005
7.905441112537768e-003	3.142474e-005
7.924972362537768e-003	3.433529e-005
7.944503612537767e-003	3.648964e-005
7.964034862537767e-003	3.788171e-005
7.983566112537767e-003	3.851965e-005
8.003097362537766e-003	3.842507e-005
8.022628612537766e-003	3.763200e-005
8.042159862537765e-003	3.618572e-005
8.061691112537765e-003	3.414148e-005
8.081222362537765e-003	3.156296e-005
8.100753612537764e-003	2.852080e-005
8.120284862537764e-003	2.509096e-005
8.130050487537763e-003	2.325546e-005
8.139816112537763e-003	2.135313e-005
8.159347362537763e-003	1.738908e-005
8.178878612537762e-003	1.328111e-005
8.198409862537762e-003	9.110525e-006
8.217941112537762e-003	4.956176e-006
8.237472362537761e-003	8.931704e-007
8.257003612537761e-003	-3.008350e-006
8.276534862537760e-003	-6.684254e-006
8.296066112537760e-003	-1.007733e-005
8.315597362537760e-003	-1.313801e-005
8.335128612537759e-003	-1.582497e-005
8.354659862537759e-003	-1.810545e-005
8.374191112537758e-003	-1.995558e-005
8.383956737537758e-003	-2.071422e-005
8.403487987537758e-003	-2.189340e-005
8.423019237537757e-003	-2.262106e-005
8.442550487537757e-003	-2.290358e-005
8.471847362537756e-003	-2.252581e-005
8.501144237537756e-003	-2.125801e-005
8.530441112537755e-003	-1.920908e-005
8.559737987537754e-003	-1.651266e-005
8.579269237537754e-003	-1.442955e-005
8.598800487537753e-003	-1.217340e-005
8.618331737537753e-003	-9.793032e-006
8.637862987537753e-003	-7.337398e-006
8.657394237537752e-003	-4.854710e-006
8.676925487537752e-003	-2.391585e-006
8.696456737537751e-003	7.748556e-009
8.715987987537751e-003	2.302152e-006
8.735519237537751e-003	4.454199e-006
8.755050487537750e-003	6.430704e-006
8.774581737537750e-003	8.203144e-006
8.794112987537749e-003	9.747979e-006
8.813644237537749e-003	1.104687e-005
8.833175487537748e-003	1.208679e-005
8.862472362537748e-003	1.314564e-005
8.891769237537747e-003	1.360150e-005
8.921066112537747e-003	1.347499e-005
8.950362987537746e-003	1.280911e-005
8.979659862537745e-003	1.166600e-005
9.008956737537745e-003	1.012316e-005
9.038253612537744e-003	8.269310e-006
9.067550487537743e-003	6.200018e-006
9.087081737537743e-003	4.749266e-006
9.106612987537743e-003	3.275217e-006
9.126144237537742e-003	1.805855e-006
9.145675487537742e-003	3.678452e-007
9.165206737537741e-003	-1.013892e-006
9.184737987537741e-003	-2.316560e-006
9.204269237537741e-003	-3.519810e-006
9.233566112537740e-003	-5.100491e-006
9.262862987537739e-003	-6.371397e-006
9.292159862537739e-003	-7.301079e-006
9.321456737537738e-003	-7.873978e-006
9.350753612537737e-003	-8.090017e-006
9.380050487537737e-003	-7.963602e-006
9.394001380394880e-003	-7.777959e-006
9.407952273252022e-003	-7.536791e-006
9.421903166109165e-003	-7.240097e-006
9.435854058966306e-003	-6.887877e-006
9.449804951823449e-003	-6.480131e-006
9.463755844680592e-003	-6.016860e-006
9.477706737537735e-003	-5.498063e-006
9.507003612537734e-003	-4.327719e-006
9.536300487537733e-003	-3.057552e-006
9.565597362537733e-003	-1.745589e-006
9.594894237537732e-003	-4.478020e-007
9.624191112537732e-003	7.840372e-007
9.653487987537731e-003	1.904182e-006
9.682784862537730e-003	2.874378e-006
9.712081737537730e-003	3.664936e-006
9.741378612537729e-003	4.255384e-006
9.770675487537728e-003	4.634702e-006
9.788811648252014e-003	4.752213e-006
9.806947808966298e-003	4.798709e-006
9.825083969680584e-003	4.774192e-006
9.843220130394870e-003	4.678661e-006
9.861356291109156e-003	4.512116e-006
9.879492451823440e-003	4.274557e-006
9.897628612537726e-003	3.965984e-006
9.910184416109155e-003	3.724273e-006
9.922740219680582e-003	3.467386e-006
9.935296023252011e-003	3.195321e-006
9.947851826823439e-003	2.908080e-006
9.960407630394868e-003	2.605661e-006
9.972963433966295e-003	2.288065e-006
9.985519237537724e-003	1.955292e-006
9.995284862537724e-003	1.697904e-006
1.000000000000000e-002	1.572771e-006
