0.000000000000000e+000	0.000000e+000
9.765625114122045e-011	1.099420e-020
1.953125022824409e-010	3.652335e-020
4.339055436255870e-007	-1.130955e-009
8.676157747488916e-007	-2.702441e-011
1.301326005872196e-006	3.311792e-009
1.735036236995501e-006	8.885494e-009
2.168746468118805e-006	1.669408e-008
2.602456699242110e-006	2.673755e-008
3.036166930365413e-006	3.901591e-008
3.784358235691539e-006	7.551606e-008
4.716994752473425e-006	1.440915e-007
5.663206507235357e-006	2.463939e-007
6.746957300501113e-006	4.116212e-007
7.794387707677542e-006	6.322815e-007
9.129649156546868e-006	1.014248e-006
1.056699943457675e-005	1.570377e-006
1.234347711658285e-005	2.498769e-006
1.431599218664812e-005	3.891016e-006
1.669776735785007e-005	6.159669e-006
1.939322198210186e-005	9.623102e-006
2.260419329285784e-005	1.518362e-005
2.628287830328204e-005	2.376219e-005
3.063292044084315e-005	3.740394e-005
3.565963120583308e-005	5.856900e-005
4.158629009059446e-005	9.199656e-005
4.848540109195797e-005	1.439635e-004
5.662904994773112e-005	2.255350e-004
6.619079086518491e-005	3.506315e-004
7.595641586518490e-005	5.132188e-004
8.572204086518490e-005	7.138440e-004
9.548766586518489e-005	9.533999e-004
1.052532908651849e-004	1.231344e-003
1.150189158651849e-004	1.545853e-003
1.247845408651849e-004	1.893812e-003
1.345501658651849e-004	2.270844e-003
1.443157908651849e-004	2.671345e-003
1.540814158651849e-004	3.088560e-003
1.638470408651849e-004	3.514674e-003
1.736126658651849e-004	3.940925e-003
1.833782908651849e-004	4.357746e-003
1.931439158651849e-004	4.754912e-003
2.029095408651850e-004	5.121720e-003
2.126751658651850e-004	5.447165e-003
2.224407908651850e-004	5.720144e-003
2.322064158651850e-004	5.929655e-003
2.419720408651850e-004	6.065010e-003
2.517376658651850e-004	6.116041e-003
2.615032908651850e-004	6.073317e-003
2.712689158651850e-004	5.928339e-003
2.810345408651850e-004	5.673743e-003
2.908001658651850e-004	5.303482e-003
3.005657908651850e-004	4.812996e-003
3.103314158651850e-004	4.199363e-003
3.200970408651850e-004	3.461431e-003
3.298626658651850e-004	2.599929e-003
3.396282908651850e-004	1.617548e-003
3.493939158651851e-004	5.189991e-004
3.591595408651851e-004	-6.889587e-004
3.689251658651851e-004	-1.997519e-003
3.786907908651851e-004	-3.395861e-003
3.884564158651851e-004	-4.871211e-003
3.982220408651851e-004	-6.408935e-003
4.079876658651851e-004	-7.992663e-003
4.177532908651851e-004	-9.604443e-003
4.275189158651851e-004	-1.122492e-002
4.372845408651851e-004	-1.283352e-002
4.470501658651851e-004	-1.440875e-002
4.568157908651852e-004	-1.592835e-002
4.665814158651852e-004	-1.736963e-002
4.763470408651852e-004	-1.870976e-002
4.861126658651852e-004	-1.992602e-002
4.958782908651852e-004	-2.099615e-002
5.056439158651852e-004	-2.189862e-002
5.154095408651852e-004	-2.261297e-002
5.251751658651852e-004	-2.312012e-002
5.349407908651852e-004	-2.340265e-002
5.447064158651852e-004	-2.344509e-002
5.544720408651852e-004	-2.323418e-002
5.642376658651852e-004	-2.275917e-002
5.740032908651853e-004	-2.201199e-002
5.837689158651853e-004	-2.098748e-002
5.935345408651853e-004	-1.968354e-002
6.033001658651853e-004	-1.810132e-002
6.130657908651853e-004	-1.624526e-002
6.228314158651853e-004	-1.412318e-002
6.325970408651853e-004	-1.174632e-002
6.423626658651853e-004	-9.129303e-003
6.521282908651853e-004	-6.290080e-003
6.618939158651853e-004	-3.249846e-003
6.716595408651853e-004	-3.288977e-005
6.814251658651853e-004	3.333589e-003
6.911907908651854e-004	6.819694e-003
7.009564158651854e-004	1.039310e-002
7.107220408651854e-004	1.401933e-002
7.204876658651854e-004	1.766209e-002
7.302532908651854e-004	2.128366e-002
7.400189158651854e-004	2.484521e-002
7.497845408651854e-004	2.830726e-002
7.595501658651854e-004	3.163007e-002
7.693157908651854e-004	3.477411e-002
7.790814158651854e-004	3.770048e-002
7.888470408651854e-004	4.037136e-002
7.986126658651855e-004	4.275048e-002
8.083782908651855e-004	4.480353e-002
8.181439158651855e-004	4.649863e-002
8.279095408651855e-004	4.780669e-002
8.376751658651855e-004	4.870186e-002
8.474407908651855e-004	4.916185e-002
8.572064158651855e-004	4.916829e-002
8.669720408651855e-004	4.870702e-002
8.767376658651855e-004	4.776834e-002
8.865032908651855e-004	4.634721e-002
8.962689158651855e-004	4.444348e-002
9.060345408651855e-004	4.206194e-002
9.158001658651856e-004	3.921241e-002
9.255657908651856e-004	3.590976e-002
9.353314158651856e-004	3.217390e-002
9.450970408651856e-004	2.802960e-002
9.548626658651856e-004	2.350643e-002
9.646282908651856e-004	1.863849e-002
9.743939158651856e-004	1.346421e-002
9.841595408651856e-004	8.025997e-003
9.939251658651856e-004	2.369902e-003
1.003690790865186e-003	-3.454789e-003
1.013456415865186e-003	-9.395992e-003
1.023222040865186e-003	-1.539931e-002
1.032987665865186e-003	-2.140854e-002
1.042753290865186e-003	-2.736621e-002
1.052518915865186e-003	-3.321417e-002
1.062284540865186e-003	-3.889412e-002
1.072050165865186e-003	-4.434827e-002
1.081815790865186e-003	-4.951985e-002
1.091581415865186e-003	-5.435380e-002
1.101347040865186e-003	-5.879727e-002
1.111112665865186e-003	-6.280024e-002
1.120878290865186e-003	-6.631609e-002
1.130643915865186e-003	-6.930206e-002
1.140409540865186e-003	-7.171980e-002
1.150175165865186e-003	-7.353579e-002
1.159940790865186e-003	-7.472180e-002
1.169706415865186e-003	-7.525520e-002
1.179472040865186e-003	-7.511930e-002
1.189237665865186e-003	-7.430362e-002
1.199003290865186e-003	-7.280403e-002
1.208768915865186e-003	-7.062297e-002
1.218534540865186e-003	-6.776942e-002
1.228300165865186e-003	-6.425900e-002
1.238065790865186e-003	-6.011383e-002
1.247831415865186e-003	-5.536246e-002
1.257597040865186e-003	-5.003964e-002
1.267362665865186e-003	-4.418605e-002
1.277128290865186e-003	-3.784801e-002
1.286893915865186e-003	-3.107709e-002
1.296659540865186e-003	-2.392963e-002
1.306425165865186e-003	-1.646632e-002
1.316190790865186e-003	-8.751574e-003
1.325956415865186e-003	-8.530266e-004
1.335722040865186e-003	7.159146e-003
1.345487665865186e-003	1.521286e-002
1.355253290865186e-003	2.323478e-002
1.365018915865186e-003	3.115107e-002
1.374784540865186e-003	3.888805e-002
1.384550165865186e-003	4.637293e-002
1.394315790865186e-003	5.353454e-002
1.404081415865186e-003	6.030398e-002
1.413847040865186e-003	6.661538e-002
1.423612665865186e-003	7.240649e-002
1.433378290865186e-003	7.761933e-002
1.443143915865186e-003	8.220083e-002
1.452909540865186e-003	8.610329e-002
1.462675165865186e-003	8.928499e-002
1.472440790865186e-003	9.171053e-002
1.482206415865186e-003	9.335129e-002
1.491972040865186e-003	9.418572e-002
1.501737665865186e-003	9.419960e-002
1.511503290865186e-003	9.338624e-002
1.521268915865186e-003	9.174658e-002
1.531034540865186e-003	8.928922e-002
1.540800165865186e-003	8.603042e-002
1.550565790865186e-003	8.199398e-002
1.560331415865186e-003	7.721102e-002
1.570097040865186e-003	7.171978e-002
1.579862665865186e-003	6.556524e-002
1.589628290865186e-003	5.879880e-002
1.599393915865186e-003	5.147776e-002
1.609159540865186e-003	4.366482e-002
1.618925165865186e-003	3.542755e-002
1.628690790865186e-003	2.683771e-002
1.638456415865186e-003	1.797065e-002
1.648222040865186e-003	8.904563e-003
1.657987665865186e-003	-2.801940e-004
1.667753290865186e-003	-9.501891e-003
1.677518915865186e-003	-1.867817e-002
1.687284540865186e-003	-2.772681e-002
1.697050165865186e-003	-3.656653e-002
1.706815790865186e-003	-4.511772e-002
1.716581415865186e-003	-5.330321e-002
1.726347040865186e-003	-6.104900e-002
1.736112665865186e-003	-6.828495e-002
1.745878290865186e-003	-7.494545e-002
1.755643915865186e-003	-8.097006e-002
1.765409540865186e-003	-8.630402e-002
1.775175165865186e-003	-9.089885e-002
1.784940790865186e-003	-9.471274e-002
1.794706415865186e-003	-9.771099e-002
1.804472040865186e-003	-9.986632e-002
1.814237665865186e-003	-1.011591e-001
1.824003290865186e-003	-1.015776e-001
1.833768915865186e-003	-1.011179e-001
1.843534540865186e-003	-9.978439e-002
1.853300165865186e-003	-9.758910e-002
1.863065790865186e-003	-9.455203e-002
1.872831415865186e-003	-9.070078e-002
1.882597040865186e-003	-8.607033e-002
1.892362665865186e-003	-8.070269e-002
1.902128290865186e-003	-7.464647e-002
1.911893915865186e-003	-6.795648e-002
1.921659540865186e-003	-6.069312e-002
1.931425165865187e-003	-5.292189e-002
1.941190790865187e-003	-4.471270e-002
1.950956415865187e-003	-3.613925e-002
1.960722040865187e-003	-2.727832e-002
1.970487665865186e-003	-1.820906e-002
1.980253290865186e-003	-9.012200e-003
1.990018915865186e-003	2.306311e-004
1.999784540865186e-003	9.437725e-003
2.009550165865185e-003	1.852803e-002
2.019315790865185e-003	2.742189e-002
2.029081415865185e-003	3.604181e-002
2.038847040865185e-003	4.431312e-002
2.048612665865185e-003	5.216468e-002
2.058378290865184e-003	5.952952e-002
2.068143915865184e-003	6.634543e-002
2.077909540865184e-003	7.255551e-002
2.087675165865184e-003	7.810867e-002
2.097440790865184e-003	8.296005e-002
2.107206415865183e-003	8.707143e-002
2.116972040865183e-003	9.041151e-002
2.126737665865183e-003	9.295617e-002
2.136503290865183e-003	9.468862e-002
2.146268915865183e-003	9.559955e-002
2.156034540865182e-003	9.568709e-002
2.165800165865182e-003	9.495684e-002
2.175565790865182e-003	9.342171e-002
2.185331415865182e-003	9.110179e-002
2.195097040865182e-003	8.802404e-002
2.204862665865181e-003	8.422203e-002
2.214628290865181e-003	7.973557e-002
2.224393915865181e-003	7.461026e-002
2.234159540865181e-003	6.889705e-002
2.243925165865180e-003	6.265165e-002
2.253690790865180e-003	5.593407e-002
2.263456415865180e-003	4.880794e-002
2.273222040865180e-003	4.133990e-002
2.282987665865180e-003	3.359901e-002
2.292753290865179e-003	2.565598e-002
2.302518915865179e-003	1.758260e-002
2.312284540865179e-003	9.451002e-003
2.322050165865179e-003	1.333008e-003
2.331815790865179e-003	-6.700531e-003
2.341581415865178e-003	-1.458038e-002
2.351347040865178e-003	-2.223955e-002
2.361112665865178e-003	-2.961388e-002
2.370878290865178e-003	-3.664260e-002
2.380643915865178e-003	-4.326886e-002
2.390409540865177e-003	-4.944018e-002
2.400175165865177e-003	-5.510892e-002
2.409940790865177e-003	-6.023261e-002
2.419706415865177e-003	-6.477432e-002
2.429472040865177e-003	-6.870287e-002
2.439237665865176e-003	-7.199310e-002
2.449003290865176e-003	-7.462595e-002
2.458768915865176e-003	-7.658861e-002
2.468534540865176e-003	-7.787449e-002
2.478300165865175e-003	-7.848322e-002
2.488065790865175e-003	-7.842056e-002
2.497831415865175e-003	-7.769820e-002
2.507597040865175e-003	-7.633361e-002
2.517362665865175e-003	-7.434976e-002
2.527128290865174e-003	-7.177482e-002
2.536893915865174e-003	-6.864178e-002
2.546659540865174e-003	-6.498811e-002
2.556425165865174e-003	-6.085526e-002
2.566190790865174e-003	-5.628829e-002
2.575956415865173e-003	-5.133530e-002
2.585722040865173e-003	-4.604698e-002
2.595487665865173e-003	-4.047605e-002
2.605253290865173e-003	-3.467675e-002
2.615018915865173e-003	-2.870430e-002
2.624784540865172e-003	-2.261434e-002
2.634550165865172e-003	-1.646242e-002
2.644315790865172e-003	-1.030346e-002
2.654081415865172e-003	-4.191300e-003
2.663847040865172e-003	1.821868e-003
2.673612665865171e-003	7.685896e-003
2.683378290865171e-003	1.335313e-002
2.693143915865171e-003	1.877880e-002
2.702909540865171e-003	2.392139e-002
2.712675165865171e-003	2.874294e-002
2.722440790865170e-003	3.320934e-002
2.732206415865170e-003	3.729056e-002
2.741972040865170e-003	4.096083e-002
2.751737665865170e-003	4.419877e-002
2.761503290865169e-003	4.698754e-002
2.771268915865169e-003	4.931483e-002
2.781034540865169e-003	5.117289e-002
2.790800165865169e-003	5.255846e-002
2.800565790865169e-003	5.347274e-002
2.810331415865168e-003	5.392120e-002
2.820097040865168e-003	5.391344e-002
2.829862665865168e-003	5.346299e-002
2.839628290865168e-003	5.258705e-002
2.849393915865168e-003	5.130624e-002
2.859159540865167e-003	4.964428e-002
2.868925165865167e-003	4.762770e-002
2.878690790865167e-003	4.528547e-002
2.888456415865167e-003	4.264864e-002
2.898222040865167e-003	3.975000e-002
2.907987665865166e-003	3.662369e-002
2.917753290865166e-003	3.330481e-002
2.927518915865166e-003	2.982907e-002
2.937284540865166e-003	2.623237e-002
2.947050165865166e-003	2.255049e-002
2.956815790865165e-003	1.881870e-002
2.966581415865165e-003	1.507146e-002
2.976347040865165e-003	1.134204e-002
2.986112665865165e-003	7.662316e-003
2.995878290865164e-003	4.062407e-003
3.005643915865164e-003	5.704958e-004
3.015409540865164e-003	-2.787412e-003
3.025175165865164e-003	-5.987667e-003
3.034940790865164e-003	-9.009133e-003
3.044706415865163e-003	-1.183330e-002
3.054472040865163e-003	-1.444438e-002
3.064237665865163e-003	-1.682936e-002
3.074003290865163e-003	-1.897801e-002
3.083768915865163e-003	-2.088292e-002
3.093534540865162e-003	-2.253939e-002
3.103300165865162e-003	-2.394543e-002
3.113065790865162e-003	-2.510162e-002
3.122831415865162e-003	-2.601101e-002
3.132597040865162e-003	-2.667896e-002
3.142362665865161e-003	-2.711299e-002
3.152128290865161e-003	-2.732256e-002
3.161893915865161e-003	-2.731894e-002
3.171659540865161e-003	-2.711491e-002
3.181425165865161e-003	-2.672460e-002
3.191190790865160e-003	-2.616323e-002
3.200956415865160e-003	-2.544690e-002
3.210722040865160e-003	-2.459233e-002
3.220487665865160e-003	-2.361662e-002
3.230253290865159e-003	-2.253707e-002
3.240018915865159e-003	-2.137091e-002
3.249784540865159e-003	-2.013511e-002
3.259550165865159e-003	-1.884617e-002
3.269315790865159e-003	-1.751996e-002
3.279081415865158e-003	-1.617153e-002
3.288847040865158e-003	-1.481496e-002
3.298612665865158e-003	-1.346324e-002
3.308378290865158e-003	-1.212816e-002
3.318143915865158e-003	-1.082022e-002
3.327909540865157e-003	-9.548538e-003
3.337675165865157e-003	-8.320856e-003
3.347440790865157e-003	-7.143467e-003
3.357206415865157e-003	-6.021241e-003
3.366972040865157e-003	-4.957633e-003
3.376737665865156e-003	-3.954729e-003
3.386503290865156e-003	-3.013302e-003
3.396268915865156e-003	-2.132885e-003
3.406034540865156e-003	-1.311867e-003
3.415800165865156e-003	-5.475996e-004
3.425565790865155e-003	1.634861e-004
3.435331415865155e-003	8.257491e-004
3.445097040865155e-003	1.444200e-003
3.454862665865155e-003	2.024357e-003
3.464628290865154e-003	2.572099e-003
3.474393915865154e-003	3.093513e-003
3.484159540865154e-003	3.594750e-003
3.493925165865154e-003	4.081871e-003
3.503690790865154e-003	4.560716e-003
3.513456415865153e-003	5.036756e-003
3.523222040865153e-003	5.514982e-003
3.532987665865153e-003	5.999775e-003
3.542753290865153e-003	6.494815e-003
3.552518915865153e-003	7.002984e-003
3.562284540865152e-003	7.526296e-003
3.572050165865152e-003	8.065835e-003
3.581815790865152e-003	8.621712e-003
3.591581415865152e-003	9.193044e-003
3.601347040865152e-003	9.777942e-003
3.611112665865151e-003	1.037352e-002
3.620878290865151e-003	1.097593e-002
3.630643915865151e-003	1.158038e-002
3.640409540865151e-003	1.218124e-002
3.650175165865151e-003	1.277207e-002
3.659940790865150e-003	1.334574e-002
3.669706415865150e-003	1.389450e-002
3.679472040865150e-003	1.441013e-002
3.689237665865150e-003	1.488405e-002
3.699003290865149e-003	1.530744e-002
3.708768915865149e-003	1.567137e-002
3.718534540865149e-003	1.596699e-002
3.728300165865149e-003	1.618561e-002
3.738065790865149e-003	1.631891e-002
3.747831415865148e-003	1.635901e-002
3.757597040865148e-003	1.629868e-002
3.767362665865148e-003	1.613143e-002
3.777128290865148e-003	1.585164e-002
3.786893915865148e-003	1.545470e-002
3.796659540865147e-003	1.493710e-002
3.806425165865147e-003	1.429652e-002
3.816190790865147e-003	1.353190e-002
3.825956415865147e-003	1.264355e-002
3.835722040865147e-003	1.163314e-002
3.845487665865146e-003	1.050376e-002
3.855253290865146e-003	9.259930e-003
3.865018915865146e-003	7.907607e-003
3.874784540865146e-003	6.454137e-003
3.884550165865146e-003	4.908233e-003
3.894315790865145e-003	3.279908e-003
3.904081415865145e-003	1.580399e-003
3.913847040865145e-003	-1.779201e-004
3.923612665865145e-003	-1.981654e-003
3.933378290865145e-003	-3.816505e-003
3.943143915865145e-003	-5.667410e-003
3.952909540865144e-003	-7.518688e-003
3.962675165865144e-003	-9.354198e-003
3.972440790865144e-003	-1.115751e-002
3.982206415865144e-003	-1.291206e-002
3.991972040865144e-003	-1.460134e-002
4.001737665865143e-003	-1.620910e-002
4.011503290865143e-003	-1.771948e-002
4.021268915865143e-003	-1.911720e-002
4.031034540865143e-003	-2.038778e-002
4.040800165865143e-003	-2.151763e-002
4.050565790865142e-003	-2.249427e-002
4.060331415865142e-003	-2.330647e-002
4.070097040865142e-003	-2.394434e-002
4.079862665865142e-003	-2.439953e-002
4.089628290865142e-003	-2.466527e-002
4.099393915865141e-003	-2.473651e-002
4.109159540865141e-003	-2.460996e-002
4.118925165865141e-003	-2.428418e-002
4.128690790865141e-003	-2.375959e-002
4.138456415865141e-003	-2.303850e-002
4.148222040865140e-003	-2.212511e-002
4.157987665865140e-003	-2.102548e-002
4.167753290865140e-003	-1.974750e-002
4.177518915865140e-003	-1.830081e-002
4.187284540865140e-003	-1.669671e-002
4.197050165865139e-003	-1.494812e-002
4.206815790865139e-003	-1.306937e-002
4.216581415865139e-003	-1.107614e-002
4.226347040865139e-003	-8.985298e-003
4.236112665865138e-003	-6.814704e-003
4.245878290865138e-003	-4.583074e-003
4.255643915865138e-003	-2.309782e-003
4.265409540865138e-003	-1.467148e-005
4.275175165865138e-003	2.282140e-003
4.284940790865137e-003	4.560458e-003
4.294706415865137e-003	6.800216e-003
4.304472040865137e-003	8.981669e-003
4.314237665865137e-003	1.108560e-002
4.324003290865137e-003	1.309349e-002
4.333768915865136e-003	1.498774e-002
4.343534540865136e-003	1.675180e-002
4.353300165865136e-003	1.837038e-002
4.363065790865136e-003	1.982956e-002
4.372831415865136e-003	2.111695e-002
4.382597040865135e-003	2.222180e-002
4.392362665865135e-003	2.313512e-002
4.402128290865135e-003	2.384976e-002
4.411893915865135e-003	2.436044e-002
4.421659540865135e-003	2.466385e-002
4.431425165865134e-003	2.475865e-002
4.441190790865134e-003	2.464548e-002
4.450956415865134e-003	2.432692e-002
4.460722040865134e-003	2.380750e-002
4.470487665865133e-003	2.309361e-002
4.480253290865133e-003	2.219344e-002
4.490018915865133e-003	2.111689e-002
4.499784540865133e-003	1.987544e-002
4.509550165865133e-003	1.848203e-002
4.519315790865132e-003	1.695095e-002
4.529081415865132e-003	1.529765e-002
4.538847040865132e-003	1.353858e-002
4.548612665865132e-003	1.169103e-002
4.558378290865132e-003	9.772935e-003
4.568143915865131e-003	7.802700e-003
4.577909540865131e-003	5.798997e-003
4.587675165865131e-003	3.780580e-003
4.597440790865131e-003	1.766092e-003
4.607206415865131e-003	-2.261241e-004
4.616972040865130e-003	-2.178208e-003
4.626737665865130e-003	-4.072961e-003
4.636503290865130e-003	-5.894009e-003
4.646268915865130e-003	-7.625964e-003
4.656034540865130e-003	-9.254572e-003
4.665800165865129e-003	-1.076684e-002
4.675565790865129e-003	-1.215114e-002
4.685331415865129e-003	-1.339735e-002
4.695097040865129e-003	-1.449689e-002
4.704862665865128e-003	-1.544282e-002
4.714628290865128e-003	-1.622988e-002
4.724393915865128e-003	-1.685449e-002
4.734159540865128e-003	-1.731481e-002
4.743925165865128e-003	-1.761069e-002
4.753690790865127e-003	-1.774368e-002
4.763456415865127e-003	-1.771694e-002
4.773222040865127e-003	-1.753520e-002
4.782987665865127e-003	-1.720470e-002
4.792753290865127e-003	-1.673304e-002
4.802518915865126e-003	-1.612913e-002
4.812284540865126e-003	-1.540305e-002
4.822050165865126e-003	-1.456588e-002
4.831815790865126e-003	-1.362963e-002
4.841581415865126e-003	-1.260700e-002
4.851347040865125e-003	-1.151130e-002
4.861112665865125e-003	-1.035625e-002
4.870878290865125e-003	-9.155842e-003
4.880643915865125e-003	-7.924133e-003
4.890409540865125e-003	-6.675126e-003
4.900175165865124e-003	-5.422592e-003
4.909940790865124e-003	-4.179920e-003
4.919706415865124e-003	-2.959967e-003
4.929472040865124e-003	-1.774926e-003
4.939237665865123e-003	-6.361891e-004
4.949003290865123e-003	4.457618e-004
4.958768915865123e-003	1.461464e-003
4.968534540865123e-003	2.402561e-003
4.978300165865123e-003	3.261881e-003
4.988065790865122e-003	4.033496e-003
4.997831415865122e-003	4.712766e-003
5.007597040865122e-003	5.296366e-003
5.017362665865122e-003	5.782299e-003
5.027128290865122e-003	6.169891e-003
5.036893915865121e-003	6.459768e-003
5.046659540865121e-003	6.653818e-003
5.056425165865121e-003	6.755143e-003
5.066190790865121e-003	6.767987e-003
5.075956415865121e-003	6.697660e-003
5.085722040865120e-003	6.550442e-003
5.095487665865120e-003	6.333481e-003
5.105253290865120e-003	6.054678e-003
5.115018915865120e-003	5.722567e-003
5.124784540865120e-003	5.346185e-003
5.134550165865119e-003	4.934940e-003
5.144315790865119e-003	4.498472e-003
5.154081415865119e-003	4.046516e-003
5.163847040865119e-003	3.588766e-003
5.173612665865118e-003	3.134733e-003
5.183378290865118e-003	2.693616e-003
5.193143915865118e-003	2.274174e-003
5.202909540865118e-003	1.884606e-003
5.212675165865118e-003	1.532435e-003
5.222440790865117e-003	1.224411e-003
5.232206415865117e-003	9.664114e-004
5.241972040865117e-003	7.633696e-004
5.251737665865117e-003	6.192019e-004
5.261503290865117e-003	5.367576e-004
5.271268915865116e-003	5.177796e-004
5.281034540865116e-003	5.628810e-004
5.290800165865116e-003	6.715374e-004
5.300565790865116e-003	8.420930e-004
5.310331415865116e-003	1.071784e-003
5.320097040865115e-003	1.356773e-003
5.329862665865115e-003	1.692206e-003
5.339628290865115e-003	2.072272e-003
5.349393915865115e-003	2.490285e-003
5.359159540865115e-003	2.938772e-003
5.368925165865114e-003	3.409577e-003
5.378690790865114e-003	3.893970e-003
5.388456415865114e-003	4.382768e-003
5.398222040865114e-003	4.866459e-003
5.407987665865113e-003	5.335334e-003
5.417753290865113e-003	5.779623e-003
5.427518915865113e-003	6.189631e-003
5.437284540865113e-003	6.555875e-003
5.447050165865113e-003	6.869219e-003
5.456815790865112e-003	7.121009e-003
5.466581415865112e-003	7.303198e-003
5.476347040865112e-003	7.408467e-003
5.486112665865112e-003	7.430340e-003
5.495878290865112e-003	7.363288e-003
5.505643915865111e-003	7.202819e-003
5.515409540865111e-003	6.945561e-003
5.525175165865111e-003	6.589332e-003
5.534940790865111e-003	6.133188e-003
5.544706415865111e-003	5.577468e-003
5.554472040865110e-003	4.923816e-003
5.564237665865110e-003	4.175187e-003
5.574003290865110e-003	3.335840e-003
5.583768915865110e-003	2.411315e-003
5.593534540865110e-003	1.408393e-003
5.603300165865109e-003	3.350376e-004
5.613065790865109e-003	-7.996720e-004
5.622831415865109e-003	-1.985628e-003
5.632597040865109e-003	-3.211793e-003
5.642362665865108e-003	-4.466310e-003
5.652128290865108e-003	-5.736623e-003
5.661893915865108e-003	-7.009615e-003
5.671659540865108e-003	-8.271741e-003
5.681425165865108e-003	-9.509181e-003
5.691190790865107e-003	-1.070799e-002
5.700956415865107e-003	-1.185427e-002
5.710722040865107e-003	-1.293429e-002
5.720487665865107e-003	-1.393469e-002
5.730253290865107e-003	-1.484261e-002
5.740018915865106e-003	-1.564585e-002
5.749784540865106e-003	-1.633303e-002
5.759550165865106e-003	-1.689371e-002
5.769315790865106e-003	-1.731853e-002
5.779081415865106e-003	-1.759934e-002
5.788847040865105e-003	-1.772931e-002
5.798612665865105e-003	-1.770302e-002
5.808378290865105e-003	-1.751655e-002
5.818143915865105e-003	-1.716752e-002
5.827909540865105e-003	-1.665521e-002
5.837675165865104e-003	-1.598051e-002
5.847440790865104e-003	-1.514601e-002
5.857206415865104e-003	-1.415594e-002
5.866972040865104e-003	-1.301620e-002
5.876737665865103e-003	-1.173429e-002
5.886503290865103e-003	-1.031930e-002
5.896268915865103e-003	-8.781768e-003
5.906034540865103e-003	-7.133664e-003
5.915800165865103e-003	-5.388246e-003
5.925565790865102e-003	-3.559957e-003
5.935331415865102e-003	-1.664288e-003
5.945097040865102e-003	2.823622e-004
5.954862665865102e-003	2.262843e-003
5.964628290865102e-003	4.259416e-003
5.974393915865101e-003	6.253928e-003
5.984159540865101e-003	8.227985e-003
5.993925165865101e-003	1.016314e-002
6.003690790865101e-003	1.204106e-002
6.013456415865101e-003	1.384373e-002
6.023222040865100e-003	1.555364e-002
6.032987665865100e-003	1.715393e-002
6.042753290865100e-003	1.862859e-002
6.052518915865100e-003	1.996263e-002
6.062284540865100e-003	2.114221e-002
6.072050165865099e-003	2.215483e-002
6.081815790865099e-003	2.298939e-002
6.091581415865099e-003	2.363641e-002
6.101347040865099e-003	2.408804e-002
6.111112665865098e-003	2.433822e-002
6.120878290865098e-003	2.438270e-002
6.130643915865098e-003	2.421913e-002
6.140409540865098e-003	2.384708e-002
6.150175165865098e-003	2.326805e-002
6.159940790865097e-003	2.248549e-002
6.169706415865097e-003	2.150476e-002
6.179472040865097e-003	2.033307e-002
6.189237665865097e-003	1.897948e-002
6.199003290865097e-003	1.745475e-002
6.208768915865096e-003	1.577130e-002
6.218534540865096e-003	1.394308e-002
6.228300165865096e-003	1.198542e-002
6.238065790865096e-003	9.914942e-003
6.247831415865096e-003	7.749346e-003
6.257597040865095e-003	5.507288e-003
6.267362665865095e-003	3.208189e-003
6.277128290865095e-003	8.720562e-004
6.286893915865095e-003	-1.480706e-003
6.296659540865095e-003	-3.829487e-003
6.306425165865094e-003	-6.153666e-003
6.316190790865094e-003	-8.432804e-003
6.325956415865094e-003	-1.064683e-002
6.335722040865094e-003	-1.277626e-002
6.345487665865093e-003	-1.480233e-002
6.355253290865093e-003	-1.670722e-002
6.365018915865093e-003	-1.847417e-002
6.374784540865093e-003	-2.008772e-002
6.384550165865093e-003	-2.153374e-002
6.394315790865092e-003	-2.279967e-002
6.404081415865092e-003	-2.387456e-002
6.413847040865092e-003	-2.474920e-002
6.423612665865092e-003	-2.541619e-002
6.433378290865092e-003	-2.587004e-002
6.443143915865091e-003	-2.610716e-002
6.452909540865091e-003	-2.612594e-002
6.462675165865091e-003	-2.592671e-002
6.472440790865091e-003	-2.551178e-002
6.482206415865091e-003	-2.488538e-002
6.491972040865090e-003	-2.405361e-002
6.501737665865090e-003	-2.302441e-002
6.511503290865090e-003	-2.180742e-002
6.521268915865090e-003	-2.041396e-002
6.531034540865090e-003	-1.885682e-002
6.540800165865089e-003	-1.715023e-002
6.550565790865089e-003	-1.530965e-002
6.560331415865089e-003	-1.335167e-002
6.570097040865089e-003	-1.129380e-002
6.579862665865089e-003	-9.154347e-003
6.589628290865088e-003	-6.952210e-003
6.599393915865088e-003	-4.706718e-003
6.609159540865088e-003	-2.437440e-003
6.618925165865088e-003	-1.640069e-004
6.628690790865087e-003	2.094071e-003
6.638456415865087e-003	4.317584e-003
6.648222040865087e-003	6.487795e-003
6.657987665865087e-003	8.586611e-003
6.667753290865087e-003	1.059674e-002
6.677518915865086e-003	1.250185e-002
6.687284540865086e-003	1.428669e-002
6.697050165865086e-003	1.593724e-002
6.706815790865086e-003	1.744084e-002
6.716581415865086e-003	1.878623e-002
6.726347040865085e-003	1.996373e-002
6.736112665865085e-003	2.096521e-002
6.745878290865085e-003	2.178422e-002
6.755643915865085e-003	2.241601e-002
6.765409540865085e-003	2.285754e-002
6.775175165865084e-003	2.310750e-002
6.784940790865084e-003	2.316627e-002
6.794706415865084e-003	2.303593e-002
6.804472040865084e-003	2.272021e-002
6.814237665865084e-003	2.222442e-002
6.824003290865083e-003	2.155537e-002
6.833768915865083e-003	2.072132e-002
6.843534540865083e-003	1.973182e-002
6.853300165865083e-003	1.859768e-002
6.863065790865082e-003	1.733080e-002
6.872831415865082e-003	1.594403e-002
6.882597040865082e-003	1.445109e-002
6.892362665865082e-003	1.286639e-002
6.902128290865082e-003	1.120486e-002
6.911893915865081e-003	9.481872e-003
6.921659540865081e-003	7.713039e-003
6.931425165865081e-003	5.914078e-003
6.941190790865081e-003	4.100666e-003
6.950956415865081e-003	2.288293e-003
6.960722040865080e-003	4.921248e-004
6.970487665865080e-003	-1.273134e-003
6.980253290865080e-003	-2.993364e-003
6.990018915865080e-003	-4.655149e-003
6.999784540865080e-003	-6.245890e-003
7.009550165865079e-003	-7.753898e-003
7.019315790865079e-003	-9.168485e-003
7.029081415865079e-003	-1.048004e-002
7.038847040865079e-003	-1.168010e-002
7.048612665865079e-003	-1.276138e-002
7.058378290865078e-003	-1.371785e-002
7.068143915865078e-003	-1.454470e-002
7.077909540865078e-003	-1.523844e-002
7.087675165865078e-003	-1.579681e-002
7.097440790865077e-003	-1.621881e-002
7.107206415865077e-003	-1.650470e-002
7.116972040865077e-003	-1.665591e-002
7.126737665865077e-003	-1.667503e-002
7.136503290865077e-003	-1.656574e-002
7.146268915865076e-003	-1.633274e-002
7.156034540865076e-003	-1.598168e-002
7.165800165865076e-003	-1.551908e-002
7.175565790865076e-003	-1.495224e-002
7.185331415865076e-003	-1.428914e-002
7.195097040865075e-003	-1.353832e-002
7.204862665865075e-003	-1.270885e-002
7.214628290865075e-003	-1.181015e-002
7.224393915865075e-003	-1.085190e-002
7.234159540865075e-003	-9.843996e-003
7.243925165865074e-003	-8.796362e-003
7.253690790865074e-003	-7.718915e-003
7.263456415865074e-003	-6.621437e-003
7.273222040865074e-003	-5.513497e-003
7.282987665865074e-003	-4.404360e-003
7.292753290865073e-003	-3.302911e-003
7.302518915865073e-003	-2.217577e-003
7.312284540865073e-003	-1.156267e-003
7.322050165865073e-003	-1.263134e-004
7.331815790865072e-003	8.655773e-004
7.341581415865072e-003	1.813364e-003
7.351347040865072e-003	2.711702e-003
7.361112665865072e-003	3.555965e-003
7.370878290865072e-003	4.342258e-003
7.380643915865071e-003	5.067423e-003
7.390409540865071e-003	5.729033e-003
7.400175165865071e-003	6.325380e-003
7.409940790865071e-003	6.855457e-003
7.419706415865071e-003	7.318927e-003
7.429472040865070e-003	7.716090e-003
7.439237665865070e-003	8.047847e-003
7.449003290865070e-003	8.315647e-003
7.458768915865070e-003	8.521441e-003
7.468534540865070e-003	8.667630e-003
7.478300165865069e-003	8.757003e-003
7.488065790865069e-003	8.792681e-003
7.497831415865069e-003	8.778056e-003
7.507597040865069e-003	8.716730e-003
7.517362665865069e-003	8.612456e-003
7.527128290865068e-003	8.469074e-003
7.536893915865068e-003	8.290457e-003
7.546659540865068e-003	8.080455e-003
7.556425165865068e-003	7.842845e-003
7.566190790865067e-003	7.581279e-003
7.575956415865067e-003	7.299243e-003
7.585722040865067e-003	7.000021e-003
7.595487665865067e-003	6.686655e-003
7.605253290865067e-003	6.361925e-003
7.615018915865066e-003	6.028319e-003
7.624784540865066e-003	5.688025e-003
7.634550165865066e-003	5.342915e-003
7.644315790865066e-003	4.994544e-003
7.654081415865066e-003	4.644151e-003
7.663847040865065e-003	4.292666e-003
7.673612665865065e-003	3.940726e-003
7.683378290865065e-003	3.588689e-003
7.693143915865065e-003	3.236658e-003
7.702909540865065e-003	2.884512e-003
7.712675165865064e-003	2.531931e-003
7.722440790865064e-003	2.178434e-003
7.732206415865064e-003	1.823414e-003
7.741972040865064e-003	1.466177e-003
7.751737665865064e-003	1.105981e-003
7.761503290865063e-003	7.420760e-004
7.771268915865063e-003	3.737464e-004
7.781034540865063e-003	3.480714e-007
7.790800165865063e-003	-3.786522e-004
7.800565790865062e-003	-7.636412e-004
7.810331415865062e-003	-1.154825e-003
7.820097040865063e-003	-1.552201e-003
7.829862665865063e-003	-1.955525e-003
7.839628290865063e-003	-2.364299e-003
7.849393915865062e-003	-2.777744e-003
7.859159540865062e-003	-3.194788e-003
7.868925165865062e-003	-3.614064e-003
7.878690790865062e-003	-4.033901e-003
7.888456415865061e-003	-4.452329e-003
7.898222040865061e-003	-4.867088e-003
7.907987665865061e-003	-5.275640e-003
7.917753290865061e-003	-5.675188e-003
7.927518915865061e-003	-6.062701e-003
7.937284540865060e-003	-6.434942e-003
7.947050165865060e-003	-6.788503e-003
7.956815790865060e-003	-7.119840e-003
7.966581415865060e-003	-7.425316e-003
7.976347040865060e-003	-7.701244e-003
7.986112665865059e-003	-7.943938e-003
7.995878290865059e-003	-8.149758e-003
8.005643915865059e-003	-8.315159e-003
8.015409540865059e-003	-8.436748e-003
8.025175165865059e-003	-8.511331e-003
8.034940790865058e-003	-8.535965e-003
8.044706415865058e-003	-8.508007e-003
8.054472040865058e-003	-8.425161e-003
8.064237665865058e-003	-8.285524e-003
8.074003290865058e-003	-8.087625e-003
8.083768915865057e-003	-7.830464e-003
8.093534540865057e-003	-7.513545e-003
8.103300165865057e-003	-7.136905e-003
8.113065790865057e-003	-6.701131e-003
8.122831415865056e-003	-6.207387e-003
8.132597040865056e-003	-5.657414e-003
8.142362665865056e-003	-5.053539e-003
8.152128290865056e-003	-4.398675e-003
8.161893915865056e-003	-3.696305e-003
8.171659540865055e-003	-2.950473e-003
8.181425165865055e-003	-2.165755e-003
8.191190790865055e-003	-1.347238e-003
8.200956415865055e-003	-5.004735e-004
8.210722040865055e-003	3.685549e-004
8.220487665865054e-003	1.253484e-003
8.230253290865054e-003	2.147620e-003
8.240018915865054e-003	3.044002e-003
8.249784540865054e-003	3.935456e-003
8.259550165865054e-003	4.814666e-003
8.269315790865053e-003	5.674239e-003
8.279081415865053e-003	6.506778e-003
8.288847040865053e-003	7.304952e-003
8.298612665865053e-003	8.061570e-003
8.308378290865053e-003	8.769651e-003
8.318143915865052e-003	9.422499e-003
8.327909540865052e-003	1.001377e-002
8.337675165865052e-003	1.053755e-002
8.347440790865052e-003	1.098839e-002
8.357206415865051e-003	1.136141e-002
8.366972040865051e-003	1.165233e-002
8.376737665865051e-003	1.185751e-002
8.386503290865051e-003	1.197401e-002
8.396268915865051e-003	1.199964e-002
8.406034540865050e-003	1.193297e-002
8.415800165865050e-003	1.177337e-002
8.425565790865050e-003	1.152100e-002
8.435331415865050e-003	1.117685e-002
8.445097040865050e-003	1.074275e-002
8.454862665865049e-003	1.022130e-002
8.464628290865049e-003	9.615941e-003
8.474393915865049e-003	8.930856e-003
8.484159540865049e-003	8.170986e-003
8.493925165865049e-003	7.341970e-003
8.503690790865048e-003	6.450109e-003
8.513456415865048e-003	5.502306e-003
8.523222040865048e-003	4.506012e-003
8.532987665865048e-003	3.469160e-003
8.542753290865048e-003	2.400093e-003
8.552518915865047e-003	1.307492e-003
8.562284540865047e-003	2.002983e-004
8.572050165865047e-003	-9.123712e-004
8.581815790865047e-003	-2.021303e-003
8.591581415865046e-003	-3.117274e-003
8.601347040865046e-003	-4.191135e-003
8.611112665865046e-003	-5.233897e-003
8.620878290865046e-003	-6.236812e-003
8.630643915865046e-003	-7.191458e-003
8.640409540865045e-003	-8.089812e-003
8.650175165865045e-003	-8.924332e-003
8.659940790865045e-003	-9.688019e-003
8.669706415865045e-003	-1.037449e-002
8.679472040865045e-003	-1.097802e-002
8.689237665865044e-003	-1.149364e-002
8.699003290865044e-003	-1.191711e-002
8.708768915865044e-003	-1.224503e-002
8.718534540865044e-003	-1.247483e-002
8.728300165865044e-003	-1.260479e-002
8.738065790865043e-003	-1.263409e-002
8.747831415865043e-003	-1.256277e-002
8.757597040865043e-003	-1.239178e-002
8.767362665865043e-003	-1.212289e-002
8.777128290865043e-003	-1.175878e-002
8.786893915865042e-003	-1.130291e-002
8.796659540865042e-003	-1.075954e-002
8.806425165865042e-003	-1.013368e-002
8.816190790865042e-003	-9.431045e-003
8.825956415865041e-003	-8.657967e-003
8.835722040865041e-003	-7.821375e-003
8.845487665865041e-003	-6.928703e-003
8.855253290865041e-003	-5.987830e-003
8.865018915865041e-003	-5.006999e-003
8.874784540865040e-003	-3.994737e-003
8.884550165865040e-003	-2.959780e-003
8.894315790865040e-003	-1.910991e-003
8.904081415865040e-003	-8.572714e-004
8.913847040865040e-003	1.925151e-004
8.923612665865039e-003	1.229626e-003
8.933378290865039e-003	2.245521e-003
8.943143915865039e-003	3.231936e-003
8.952909540865039e-003	4.180956e-003
8.962675165865039e-003	5.085089e-003
8.972440790865038e-003	5.937327e-003
8.982206415865038e-003	6.731203e-003
8.991972040865038e-003	7.460851e-003
9.001737665865038e-003	8.121047e-003
9.011503290865038e-003	8.707252e-003
9.021268915865037e-003	9.215645e-003
9.031034540865037e-003	9.643150e-003
9.040800165865037e-003	9.987448e-003
9.050565790865037e-003	1.024700e-002
9.060331415865036e-003	1.042103e-002
9.070097040865036e-003	1.050955e-002
9.079862665865036e-003	1.051332e-002
9.089628290865036e-003	1.043383e-002
9.099393915865036e-003	1.027331e-002
9.109159540865035e-003	1.003464e-002
9.118925165865035e-003	9.721374e-003
9.128690790865035e-003	9.337629e-003
9.138456415865035e-003	8.888090e-003
9.148222040865035e-003	8.377929e-003
9.157987665865034e-003	7.812751e-003
9.167753290865034e-003	7.198535e-003
9.177518915865034e-003	6.541568e-003
9.187284540865034e-003	5.848376e-003
9.197050165865034e-003	5.125663e-003
9.206815790865033e-003	4.380238e-003
9.216581415865033e-003	3.618950e-003
9.226347040865033e-003	2.848619e-003
9.236112665865033e-003	2.075974e-003
9.245878290865033e-003	1.307588e-003
9.255643915865032e-003	5.498187e-004
9.265409540865032e-003	-1.912483e-004
9.275175165865032e-003	-9.098505e-004
9.284940790865032e-003	-1.600598e-003
9.294706415865031e-003	-2.258514e-003
9.304472040865031e-003	-2.879078e-003
9.314237665865031e-003	-3.458250e-003
9.324003290865031e-003	-3.992504e-003
9.333768915865031e-003	-4.478845e-003
9.343534540865030e-003	-4.914822e-003
9.353300165865030e-003	-5.298540e-003
9.363065790865030e-003	-5.628660e-003
9.372831415865030e-003	-5.904392e-003
9.382597040865030e-003	-6.125493e-003
9.392362665865029e-003	-6.292243e-003
9.402128290865029e-003	-6.405431e-003
9.411893915865029e-003	-6.466327e-003
9.421659540865029e-003	-6.476652e-003
9.431425165865029e-003	-6.438542e-003
9.441190790865028e-003	-6.354516e-003
9.450956415865028e-003	-6.227428e-003
9.460722040865028e-003	-6.060429e-003
9.470487665865028e-003	-5.856918e-003
9.480253290865028e-003	-5.620498e-003
9.490018915865027e-003	-5.354926e-003
9.499784540865027e-003	-5.064065e-003
9.509550165865027e-003	-4.751837e-003
9.519315790865027e-003	-4.422178e-003
9.529081415865027e-003	-4.078987e-003
9.538847040865026e-003	-3.726087e-003
9.548612665865026e-003	-3.367182e-003
9.558378290865026e-003	-3.005818e-003
9.568143915865026e-003	-2.645347e-003
9.577909540865025e-003	-2.288900e-003
9.587675165865025e-003	-1.939351e-003
9.597440790865025e-003	-1.599299e-003
9.607206415865025e-003	-1.271049e-003
9.616972040865025e-003	-9.565918e-004
9.626737665865024e-003	-6.575991e-004
9.636503290865024e-003	-3.754142e-004
9.646268915865024e-003	-1.110524e-004
9.656034540865024e-003	1.347967e-004
9.665800165865024e-003	3.617610e-004
9.675565790865023e-003	5.697747e-004
9.685331415865023e-003	7.590624e-004
9.695097040865023e-003	9.301199e-004
9.704862665865023e-003	1.083692e-003
9.714628290865023e-003	1.220746e-003
9.724393915865022e-003	1.342445e-003
9.734159540865022e-003	1.450118e-003
9.743925165865022e-003	1.545226e-003
9.753690790865022e-003	1.629332e-003
9.763456415865022e-003	1.704063e-003
9.773222040865021e-003	1.771082e-003
9.782987665865021e-003	1.832049e-003
9.792753290865021e-003	1.888591e-003
9.802518915865021e-003	1.942268e-003
9.812284540865020e-003	1.994546e-003
9.822050165865020e-003	2.046766e-003
9.831815790865020e-003	2.100116e-003
9.841581415865020e-003	2.155616e-003
9.851347040865020e-003	2.214087e-003
9.861112665865019e-003	2.276144e-003
9.870878290865019e-003	2.342174e-003
9.880643915865019e-003	2.412336e-003
9.890409540865019e-003	2.486546e-003
9.900175165865019e-003	2.564481e-003
9.909940790865018e-003	2.645579e-003
9.919706415865018e-003	2.729044e-003
9.929472040865018e-003	2.813860e-003
9.939237665865018e-003	2.898798e-003
9.949003290865018e-003	2.982439e-003
9.958768915865017e-003	3.063191e-003
9.968534540865017e-003	3.139314e-003
9.978300165865017e-003	3.208944e-003
9.988065790865017e-003	3.270123e-003
9.997831415865017e-003	3.323310e-003
1.000000000000000e-002	-1.#IND00e+000
