0	0
10	5924
20	-9545
30	9456
40	-5692
50	-285
60	6151
70	-9626
80	9360
90	-5455
100	-570
110	6373
120	-9700
130	9256
140	-5214
150	-854
160	6590
170	-9765
180	9144
190	-4969
200	-1137
210	6802
220	-9822
230	9025
240	-4720
250	-1420
260	7008
270	-9872
280	8899
290	-4467
300	-1701
310	7208
320	-9913
330	8765
340	-4210
350	-1981
360	7403
370	-9947
380	8624
390	-3950
400	-2260
410	7591
420	-9972
430	8477
440	-3687
450	-2537
460	7774
470	-9989
480	8322
490	-3420
500	-2811
510	7950
520	-9998
530	8161
540	-3151
550	-3083
560	8119
570	-9999
580	7993
590	-2879
600	-3353
610	8282
620	-9992
630	7818
640	-2605
650	-3620
660	8439
670	-9977
680	7638
690	-2329
700	-3884
710	8588
720	-9954
730	7450
740	-2051
750	-4145
760	8731
770	-9922
780	7257
790	-1772
800	-4403
810	8866
820	-9883
830	7058
840	-1490
850	-4657
860	8994
870	-9835
880	6854
890	-1208
900	-4907
910	9115
920	-9780
930	6644
940	-925
950	-5153
960	9229
970	-9717
980	6428
990	-641
1000	-5396
1010	9335
1020	-9645
1030	6207
1040	-356
1050	-5633
1060	9433
1070	-9566
1080	5981
1090	-71
1100	-5866
1110	9524
1120	-9479
1130	5750
1140	214
1150	-6095
1160	9607
1170	-9385
1180	5515
1190	498
1200	-6318
1210	9682
1220	-9282
1230	5275
1240	783
1250	-6536
1260	9749
1270	-9173
1280	5031
1290	1067
1300	-6749
1310	9809
1320	-9056
1330	4783
1340	1349
1350	-6957
1360	9860
1370	-8931
1380	4530
1390	1631
1400	-7159
1410	9904
1420	-8799
1430	4275
1440	1912
1450	-7355
1460	9939
1470	-8660
1480	4015
1490	2190
1500	-7545
1510	9966
1520	-8514
1530	3753
1540	2468
1550	-7729
1560	9986
1570	-8361
1580	3487
1590	2743
1600	-7906
1610	9997
1620	-8202
1630	3219
1640	3016
1650	-8078
1660	10000
1670	-8035
1680	2948
1690	3286
1700	-8242
1710	9995
1720	-7863
1730	2674
1740	3554
1750	-8400
1760	9982
1770	-7683
1780	2398
1790	3819
1800	-8551
1810	9960
1820	-7498
1830	2121
1840	4080
1850	-8696
1860	9931
1870	-7306
1880	1842
1890	4339
1900	-8833
1910	9894
1920	-7109
1930	1561
1940	4594
1950	-8963
1960	9848
1970	-6905
1980	1279
1990	4845
2000	-9086
2010	9795
2020	-6697
2030	996
2040	5092
2050	-9201
2060	9733
2070	-6482
2080	712
2090	5335
2100	-9309
2110	9664
2120	-6263
2130	427
2140	5574
2150	-9409
2160	9587
2170	-6038
2180	142
2190	5808
2200	-9502
2210	9502
2220	-5808
2230	-142
2240	6038
2250	-9587
2260	9409
2270	-5574
2280	-427
2290	6263
2300	-9664
2310	9309
2320	-5335
2330	-712
2340	6482
2350	-9733
2360	9201
2370	-5092
2380	-996
2390	6697
2400	-9795
2410	9086
2420	-4845
2430	-1279
2440	6905
2450	-9848
2460	8963
2470	-4594
2480	-1561
2490	7109
2500	-9894
2510	8833
2520	-4339
2530	-1842
2540	7306
2550	-9931
2560	8696
2570	-4080
2580	-2121
2590	7498
2600	-9960
2610	8551
2620	-3819
2630	-2398
2640	7683
2650	-9982
2660	8400
2670	-3554
2680	-2674
2690	7863
2700	-9995
2710	8242
2720	-3286
2730	-2948
2740	8035
2750	-10000
2760	8078
2770	-3016
2780	-3219
2790	8202
2800	-9997
2810	7906
2820	-2743
2830	-3487
2840	8361
2850	-9986
2860	7729
2870	-2468
2880	-3753
2890	8514
2900	-9966
2910	7545
2920	-2190
2930	-4015
2940	8660
2950	-9939
2960	7355
2970	-1912
2980	-4275
2990	8799
3000	-9904
3010	7159
3020	-1631
3030	-4530
3040	8931
3050	-9860
3060	6957
3070	-1349
3080	-4783
3090	9056
3100	-9809
3110	6749
3120	-1067
3130	-5031
3140	9173
3150	-9749
3160	6536
3170	-783
3180	-5275
3190	9282
3200	-9682
3210	6318
3220	-498
3230	-5515
3240	9385
3250	-9607
3260	6095
3270	-214
3280	-5750
3290	9479
3300	-9524
3310	5866
3320	71
3330	-5981
3340	9566
3350	-9433
3360	5633
3370	356
3380	-6207
3390	9645
3400	-9335
3410	5396
3420	641
3430	-6428
3440	9717
3450	-9229
3460	5153
3470	925
3480	-6644
3490	9780
3500	-9115
3510	4907
3520	1208
3530	-6854
3540	9835
3550	-8994
3560	4657
3570	1490
3580	-7058
3590	9883
3600	-8866
3610	4403
3620	1772
3630	-7257
3640	9922
3650	-8731
3660	4145
3670	2051
3680	-7450
3690	9954
3700	-8588
3710	3884
3720	2329
3730	-7638
3740	9977
3750	-8439
3760	3620
3770	2605
3780	-7818
3790	9992
3800	-8282
3810	3353
3820	2879
3830	-7993
3840	9999
3850	-8119
3860	3083
3870	3151
3880	-8161
3890	9998
3900	-7950
3910	2811
3920	3420
3930	-8322
3940	9989
3950	-7774
3960	2537
3970	3687
3980	-8477
3990	9972
4000	-7591
4010	2260
4020	3950
4030	-8624
4040	9947
4050	-7403
4060	1981
4070	4210
4080	-8765
4090	9913
4100	-7208
4110	1701
4120	4467
4130	-8899
4140	9872
4150	-7008
4160	1420
4170	4720
4180	-9025
4190	9822
4200	-6802
4210	1137
4220	4969
4230	-9144
4240	9765
4250	-6590
4260	854
4270	5214
4280	-9256
4290	9700
4300	-6373
4310	570
4320	5455
4330	-9360
4340	9626
4350	-6151
4360	285
4370	5692
4380	-9456
4390	9545
4400	-5924
4410	0
4420	5924
4430	-9545
4440	9456
4450	-5692
4460	-285
4470	6151
4480	-9626
4490	9360
4500	-5455
4510	-570
4520	6373
4530	-9700
4540	9256
4550	-5214
4560	-854
4570	6590
4580	-9765
4590	9144
4600	-4969
4610	-1137
4620	6802
4630	-9822
4640	9025
4650	-4720
4660	-1420
4670	7008
4680	-9872
4690	8899
4700	-4467
4710	-1701
4720	7208
4730	-9913
4740	8765
4750	-4210
4760	-1981
4770	7403
4780	-9947
4790	8624
4800	-3950
4810	-2260
4820	7591
4830	-9972
4840	8477
4850	-3687
4860	-2537
4870	7774
4880	-9989
4890	8322
4900	-3420
4910	-2811
4920	7950
4930	-9998
4940	8161
4950	-3151
4960	-3083
4970	8119
4980	-9999
4990	7993
5000	-2879
5010	-3353
5020	8282
5030	-9992
5040	7818
5050	-2605
5060	-3620
5070	8439
5080	-9977
5090	7638
5100	-2329
5110	-3884
5120	8588
5130	-9954
5140	7450
5150	-2051
5160	-4145
5170	8731
5180	-9922
5190	7257
5200	-1772
5210	-4403
5220	8866
5230	-9883
5240	7058
5250	-1490
5260	-4657
5270	8994
5280	-9835
5290	6854
5300	-1208
5310	-4907
5320	9115
5330	-9780
5340	6644
5350	-925
5360	-5153
5370	9229
5380	-9717
5390	6428
5400	-641
5410	-5396
5420	9335
5430	-9645
5440	6207
5450	-356
5460	-5633
5470	9433
5480	-9566
5490	5981
5500	-71
5510	-5866
5520	9524
5530	-9479
5540	5750
5550	214
5560	-6095
5570	9607
5580	-9385
5590	5515
5600	498
5610	-6318
5620	9682
5630	-9282
5640	5275
5650	783
5660	-6536
5670	9749
5680	-9173
5690	5031
5700	1067
5710	-6749
5720	9809
5730	-9056
5740	4783
5750	1349
5760	-6957
5770	9860
5780	-8931
5790	4530
5800	1631
5810	-7159
5820	9904
5830	-8799
5840	4275
5850	1912
5860	-7355
5870	9939
5880	-8660
5890	4015
5900	2190
5910	-7545
5920	9966
5930	-8514
5940	3753
5950	2468
5960	-7729
5970	9986
5980	-8361
5990	3487
6000	2743
6010	-7906
6020	9997
6030	-8202
6040	3219
6050	3016
6060	-8078
6070	10000
6080	-8035
6090	2948
6100	3286
6110	-8242
6120	9995
6130	-7863
6140	2674
6150	3554
6160	-8400
6170	9982
6180	-7683
6190	2398
6200	3819
6210	-8551
6220	9960
6230	-7498
6240	2121
6250	4080
6260	-8696
6270	9931
6280	-7306
6290	1842
6300	4339
6310	-8833
6320	9894
6330	-7109
6340	1561
6350	4594
6360	-8963
6370	9848
6380	-6905
6390	1279
6400	4845
6410	-9086
6420	9795
6430	-6697
6440	996
6450	5092
6460	-9201
6470	9733
6480	-6482
6490	712
6500	5335
6510	-9309
6520	9664
6530	-6263
6540	427
6550	5574
6560	-9409
6570	9587
6580	-6038
6590	142
6600	5808
6610	-9502
6620	9502
6630	-5808
6640	-142
6650	6038
6660	-9587
6670	9409
6680	-5574
6690	-427
6700	6263
6710	-9664
6720	9309
6730	-5335
6740	-712
6750	6482
6760	-9733
6770	9201
6780	-5092
6790	-996
6800	6697
6810	-9795
6820	9086
6830	-4845
6840	-1279
6850	6905
6860	-9848
6870	8963
6880	-4594
6890	-1561
6900	7109
6910	-9894
6920	8833
6930	-4339
6940	-1842
6950	7306
6960	-9931
6970	8696
6980	-4080
6990	-2121
7000	7498
7010	-9960
7020	8551
7030	-3819
7040	-2398
7050	7683
7060	-9982
7070	8400
7080	-3554
7090	-2674
7100	7863
7110	-9995
7120	8242
7130	-3286
7140	-2948
7150	8035
7160	-10000
7170	8078
7180	-3016
7190	-3219
7200	8202
7210	-9997
7220	7906
7230	-2743
7240	-3487
7250	8361
7260	-9986
7270	7729
7280	-2468
7290	-3753
7300	8514
7310	-9966
7320	7545
7330	-2190
7340	-4015
7350	8660
7360	-9939
7370	7355
7380	-1912
7390	-4275
7400	8799
7410	-9904
7420	7159
7430	-1631
7440	-4530
7450	8931
7460	-9860
7470	6957
7480	-1349
7490	-4783
7500	9056
7510	-9809
7520	6749
7530	-1067
7540	-5031
7550	9173
7560	-9749
7570	6536
7580	-783
7590	-5275
7600	9282
7610	-9682
7620	6318
7630	-498
7640	-5515
7650	9385
7660	-9607
7670	6095
7680	-214
7690	-5750
7700	9479
7710	-9524
7720	5866
7730	71
7740	-5981
7750	9566
7760	-9433
7770	5633
7780	356
7790	-6207
7800	9645
7810	-9335
7820	5396
7830	641
7840	-6428
7850	9717
7860	-9229
7870	5153
7880	925
7890	-6644
7900	9780
7910	-9115
7920	4907
7930	1208
7940	-6854
7950	9835
7960	-8994
7970	4657
7980	1490
7990	-7058
8000	9883
8010	-8866
8020	4403
8030	1772
8040	-7257
8050	9922
8060	-8731
8070	4145
8080	2051
8090	-7450
8100	9954
8110	-8588
8120	3884
8130	2329
8140	-7638
8150	9977
8160	-8439
8170	3620
8180	2605
8190	-7818
8200	9992
8210	-8282
8220	3353
8230	2879
8240	-7993
8250	9999
8260	-8119
8270	3083
8280	3151
8290	-8161
8300	9998
8310	-7950
8320	2811
8330	3420
8340	-8322
8350	9989
8360	-7774
8370	2537
8380	3687
8390	-8477
8400	9972
8410	-7591
8420	2260
8430	3950
8440	-8624
8450	9947
8460	-7403
8470	1981
8480	4210
8490	-8765
8500	9913
8510	-7208
8520	1701
8530	4467
8540	-8899
8550	9872
8560	-7008
8570	1420
8580	4720
8590	-9025
8600	9822
8610	-6802
8620	1137
8630	4969
8640	-9144
8650	9765
8660	-6590
8670	854
8680	5214
8690	-9256
8700	9700
8710	-6373
8720	570
8730	5455
8740	-9360
8750	9626
8760	-6151
8770	285
8780	5692
8790	-9456
8800	9545
8810	-5924
8820	0
8830	5924
8840	-9545
8850	9456
8860	-5692
8870	-285
8880	6151
8890	-9626
8900	9360
8910	-5455
8920	-570
8930	6373
8940	-9700
8950	9256
8960	-5214
8970	-854
8980	6590
8990	-9765
9000	9144
9010	-4969
9020	-1137
9030	6802
9040	-9822
9050	9025
9060	-4720
9070	-1420
9080	7008
9090	-9872
9100	8899
9110	-4467
9120	-1701
9130	7208
9140	-9913
9150	8765
9160	-4210
9170	-1981
9180	7403
9190	-9947
9200	8624
9210	-3950
9220	-2260
9230	7591
9240	-9972
9250	8477
9260	-3687
9270	-2537
9280	7774
9290	-9989
9300	8322
9310	-3420
9320	-2811
9330	7950
9340	-9998
9350	8161
9360	-3151
9370	-3083
9380	8119
9390	-9999
9400	7993
9410	-2879
9420	-3353
9430	8282
9440	-9992
9450	7818
9460	-2605
9470	-3620
9480	8439
9490	-9977
9500	7638
9510	-2329
9520	-3884
9530	8588
9540	-9954
9550	7450
9560	-2051
9570	-4145
9580	8731
9590	-9922
9600	7257
9610	-1772
9620	-4403
9630	8866
9640	-9883
9650	7058
9660	-1490
9670	-4657
9680	8994
9690	-9835
9700	6854
9710	-1208
9720	-4907
9730	9115
9740	-9780
9750	6644
9760	-925
9770	-5153
9780	9229
9790	-9717
9800	6428
9810	-641
9820	-5396
9830	9335
9840	-9645
9850	6207
9860	-356
9870	-5633
9880	9433
9890	-9566
9900	5981
9910	-71
9920	-5866
9930	9524
9940	-9479
9950	5750
9960	214
9970	-6095
9980	9607
9990	-9385
10000	5515
10010	498
10020	-6318
10030	9682
10040	-9282
10050	5275
10060	783
10070	-6536
10080	9749
10090	-9173
10100	5031
10110	1067
10120	-6749
10130	9809
10140	-9056
10150	4783
10160	1349
10170	-6957
10180	9860
10190	-8931
10200	4530
10210	1631
10220	-7159
10230	9904
10240	-8799
10250	4275
10260	1912
10270	-7355
10280	9939
10290	-8660
10300	4015
10310	2190
10320	-7545
10330	9966
10340	-8514
10350	3753
10360	2468
10370	-7729
10380	9986
10390	-8361
10400	3487
10410	2743
10420	-7906
10430	9997
10440	-8202
10450	3219
10460	3016
10470	-8078
10480	10000
10490	-8035
10500	2948
10510	3286
10520	-8242
10530	9995
10540	-7863
10550	2674
10560	3554
10570	-8400
10580	9982
10590	-7683
10600	2398
10610	3819
10620	-8551
10630	9960
10640	-7498
10650	2121
10660	4080
10670	-8696
10680	9931
10690	-7306
10700	1842
10710	4339
10720	-8833
10730	9894
10740	-7109
10750	1561
10760	4594
10770	-8963
10780	9848
10790	-6905
10800	1279
10810	4845
10820	-9086
10830	9795
10840	-6697
10850	996
10860	5092
10870	-9201
10880	9733
10890	-6482
10900	712
10910	5335
10920	-9309
10930	9664
10940	-6263
10950	427
10960	5574
10970	-9409
10980	9587
10990	-6038
11000	142
11010	5808
11020	-9502
11030	9502
11040	-5808
11050	-142
11060	6038
11070	-9587
11080	9409
11090	-5574
11100	-427
11110	6263
11120	-9664
11130	9309
11140	-5335
11150	-712
11160	6482
11170	-9733
11180	9201
11190	-5092
11200	-996
11210	6697
11220	-9795
11230	9086
11240	-4845
11250	-1279
11260	6905
11270	-9848
11280	8963
11290	-4594
11300	-1561
11310	7109
11320	-9894
11330	8833
11340	-4339
11350	-1842
11360	7306
11370	-9931
11380	8696
11390	-4080
11400	-2121
11410	7498
11420	-9960
11430	8551
11440	-3819
11450	-2398
11460	7683
11470	-9982
11480	8400
11490	-3554
11500	-2674
11510	7863
11520	-9995
11530	8242
11540	-3286
11550	-2948
11560	8035
11570	-10000
11580	8078
11590	-3016
11600	-3219
11610	8202
11620	-9997
11630	7906
11640	-2743
11650	-3487
11660	8361
11670	-9986
11680	7729
11690	-2468
11700	-3753
11710	8514
11720	-9966
11730	7545
11740	-2190
11750	-4015
11760	8660
11770	-9939
11780	7355
11790	-1912
11800	-4275
11810	8799
11820	-9904
11830	7159
11840	-1631
11850	-4530
11860	8931
11870	-9860
11880	6957
11890	-1349
11900	-4783
11910	9056
11920	-9809
11930	6749
11940	-1067
11950	-5031
11960	9173
11970	-9749
11980	6536
11990	-783
12000	-5275
12010	9282
12020	-9682
12030	6318
12040	-498
12050	-5515
12060	9385
12070	-9607
12080	6095
12090	-214
12100	-5750
12110	9479
12120	-9524
12130	5866
12140	71
12150	-5981
12160	9566
12170	-9433
12180	5633
12190	356
12200	-6207
12210	9645
12220	-9335
12230	5396
12240	641
12250	-6428
12260	9717
12270	-9229
12280	5153
12290	925
12300	-6644
12310	9780
12320	-9115
12330	4907
12340	1208
12350	-6854
12360	9835
12370	-8994
12380	4657
12390	1490
12400	-7058
12410	9883
12420	-8866
12430	4403
12440	1772
12450	-7257
12460	9922
12470	-8731
12480	4145
12490	2051
12500	-7450
12510	9954
12520	-8588
12530	3884
12540	2329
12550	-7638
12560	9977
12570	-8439
12580	3620
12590	2605
12600	-7818
12610	9992
12620	-8282
12630	3353
12640	2879
12650	-7993
12660	9999
12670	-8119
12680	3083
12690	3151
12700	-8161
12710	9998
12720	-7950
12730	2811
12740	3420
12750	-8322
12760	9989
12770	-7774
12780	2537
12790	3687
12800	-8477
12810	9972
12820	-7591
12830	2260
12840	3950
12850	-8624
12860	9947
12870	-7403
12880	1981
12890	4210
12900	-8765
12910	9913
12920	-7208
12930	1701
12940	4467
12950	-8899
12960	9872
12970	-7008
12980	1420
12990	4720
13000	-9025
13010	9822
13020	-6802
13030	1137
13040	4969
13050	-9144
13060	9765
13070	-6590
13080	854
13090	5214
13100	-9256
13110	9700
13120	-6373
13130	570
13140	5455
13150	-9360
13160	9626
13170	-6151
13180	285
13190	5692
13200	-9456
13210	9545
13220	-5924
13230	0
13240	5924
13250	-9545
13260	9456
13270	-5692
13280	-285
13290	6151
13300	-9626
13310	9360
13320	-5455
13330	-570
13340	6373
13350	-9700
13360	9256
13370	-5214
13380	-854
13390	6590
13400	-9765
13410	9144
13420	-4969
13430	-1137
13440	6802
13450	-9822
13460	9025
13470	-4720
13480	-1420
13490	7008
13500	-9872
13510	8899
13520	-4467
13530	-1701
13540	7208
13550	-9913
13560	8765
13570	-4210
13580	-1981
13590	7403
13600	-9947
13610	8624
13620	-3950
13630	-2260
13640	7591
13650	-9972
13660	8477
13670	-3687
13680	-2537
13690	7774
13700	-9989
13710	8322
13720	-3420
13730	-2811
13740	7950
13750	-9998
13760	8161
13770	-3151
13780	-3083
13790	8119
13800	-9999
13810	7993
13820	-2879
13830	-3353
13840	8282
13850	-9992
13860	7818
13870	-2605
13880	-3620
13890	8439
13900	-9977
13910	7638
13920	-2329
13930	-3884
13940	8588
13950	-9954
13960	7450
13970	-2051
13980	-4145
13990	8731
14000	-9922
14010	7257
14020	-1772
14030	-4403
14040	8866
14050	-9883
14060	7058
14070	-1490
14080	-4657
14090	8994
14100	-9835
14110	6854
14120	-1208
14130	-4907
14140	9115
14150	-9780
14160	6644
14170	-925
14180	-5153
14190	9229
14200	-9717
14210	6428
14220	-641
14230	-5396
14240	9335
14250	-9645
14260	6207
14270	-356
14280	-5633
14290	9433
14300	-9566
14310	5981
14320	-71
14330	-5866
14340	9524
14350	-9479
14360	5750
14370	214
14380	-6095
14390	9607
14400	-9385
14410	5515
14420	498
14430	-6318
14440	9682
14450	-9282
14460	5275
14470	783
14480	-6536
14490	9749
14500	-9173
14510	5031
14520	1067
14530	-6749
14540	9809
14550	-9056
14560	4783
14570	1349
14580	-6957
14590	9860
14600	-8931
14610	4530
14620	1631
14630	-7159
14640	9904
14650	-8799
14660	4275
14670	1912
14680	-7355
14690	9939
14700	-8660
14710	4015
14720	2190
14730	-7545
14740	9966
14750	-8514
14760	3753
14770	2468
14780	-7729
14790	9986
14800	-8361
14810	3487
14820	2743
14830	-7906
14840	9997
14850	-8202
14860	3219
14870	3016
14880	-8078
14890	10000
14900	-8035
14910	2948
14920	3286
14930	-8242
14940	9995
14950	-7863
14960	2674
14970	3554
14980	-8400
14990	9982
15000	-7683
15010	2398
15020	3819
15030	-8551
15040	9960
15050	-7498
15060	2121
15070	4080
15080	-8696
15090	9931
15100	-7306
15110	1842
15120	4339
15130	-8833
15140	9894
15150	-7109
15160	1561
15170	4594
15180	-8963
15190	9848
15200	-6905
15210	1279
15220	4845
15230	-9086
15240	9795
15250	-6697
15260	996
15270	5092
15280	-9201
15290	9733
15300	-6482
15310	712
15320	5335
15330	-9309
15340	9664
15350	-6263
15360	427
15370	5574
15380	-9409
15390	9587
15400	-6038
15410	142
15420	5808
15430	-9502
15440	9502
15450	-5808
15460	-142
15470	6038
15480	-9587
15490	9409
15500	-5574
15510	-427
15520	6263
15530	-9664
15540	9309
15550	-5335
15560	-712
15570	6482
15580	-9733
15590	9201
15600	-5092
15610	-996
15620	6697
15630	-9795
15640	9086
15650	-4845
15660	-1279
15670	6905
15680	-9848
15690	8963
15700	-4594
15710	-1561
15720	7109
15730	-9894
15740	8833
15750	-4339
15760	-1842
15770	7306
15780	-9931
15790	8696
15800	-4080
15810	-2121
15820	7498
15830	-9960
15840	8551
15850	-3819
15860	-2398
15870	7683
15880	-9982
15890	8400
15900	-3554
15910	-2674
15920	7863
15930	-9995
15940	8242
15950	-3286
15960	-2948
15970	8035
15980	-10000
15990	8078
16000	-3016
16010	-3219
16020	8202
16030	-9997
16040	7906
16050	-2743
16060	-3487
16070	8361
16080	-9986
16090	7729
16100	-2468
16110	-3753
16120	8514
16130	-9966
16140	7545
16150	-2190
16160	-4015
16170	8660
16180	-9939
16190	7355
16200	-1912
16210	-4275
16220	8799
16230	-9904
16240	7159
16250	-1631
16260	-4530
16270	8931
16280	-9860
16290	6957
16300	-1349
16310	-4783
16320	9056
16330	-9809
16340	6749
16350	-1067
16360	-5031
16370	9173
16380	-9749
16390	6536
16400	-783
16410	-5275
16420	9282
16430	-9682
16440	6318
16450	-498
16460	-5515
16470	9385
16480	-9607
16490	6095
16500	-214
16510	-5750
16520	9479
16530	-9524
16540	5866
16550	71
16560	-5981
16570	9566
16580	-9433
16590	5633
16600	356
16610	-6207
16620	9645
16630	-9335
16640	5396
16650	641
16660	-6428
16670	9717
16680	-9229
16690	5153
16700	925
16710	-6644
16720	9780
16730	-9115
16740	4907
16750	1208
16760	-6854
16770	9835
16780	-8994
16790	4657
16800	1490
16810	-7058
16820	9883
16830	-8866
16840	4403
16850	1772
16860	-7257
16870	9922
16880	-8731
16890	4145
16900	2051
16910	-7450
16920	9954
16930	-8588
16940	3884
16950	2329
16960	-7638
16970	9977
16980	-8439
16990	3620
17000	2605
17010	-7818
17020	9992
17030	-8282
17040	3353
17050	2879
17060	-7993
17070	9999
17080	-8119
17090	3083
17100	3151
17110	-8161
17120	9998
17130	-7950
17140	2811
17150	3420
17160	-8322
17170	9989
17180	-7774
17190	2537
17200	3687
17210	-8477
17220	9972
17230	-7591
17240	2260
17250	3950
17260	-8624
17270	9947
17280	-7403
17290	1981
17300	4210
17310	-8765
17320	9913
17330	-7208
17340	1701
17350	4467
17360	-8899
17370	9872
17380	-7008
17390	1420
17400	4720
17410	-9025
17420	9822
17430	-6802
17440	1137
17450	4969
17460	-9144
17470	9765
17480	-6590
17490	854
17500	5214
17510	-9256
17520	9700
17530	-6373
17540	570
17550	5455
17560	-9360
17570	9626
17580	-6151
17590	285
17600	5692
17610	-9456
17620	9545
17630	-5924
17640	0
17650	5924
17660	-9545
17670	9456
17680	-5692
17690	-285
17700	6151
17710	-9626
17720	9360
17730	-5455
17740	-570
17750	6373
17760	-9700
17770	9256
17780	-5214
17790	-854
17800	6590
17810	-9765
17820	9144
17830	-4969
17840	-1137
17850	6802
17860	-9822
17870	9025
17880	-4720
17890	-1420
17900	7008
17910	-9872
17920	8899
17930	-4467
17940	-1701
17950	7208
17960	-9913
17970	8765
17980	-4210
17990	-1981
18000	7403
18010	-9947
18020	8624
18030	-3950
18040	-2260
18050	7591
18060	-9972
18070	8477
18080	-3687
18090	-2537
18100	7774
18110	-9989
18120	8322
18130	-3420
18140	-2811
18150	7950
18160	-9998
18170	8161
18180	-3151
18190	-3083
18200	8119
18210	-9999
18220	7993
18230	-2879
18240	-3353
18250	8282
18260	-9992
18270	7818
18280	-2605
18290	-3620
18300	8439
18310	-9977
18320	7638
18330	-2329
18340	-3884
18350	8588
18360	-9954
18370	7450
18380	-2051
18390	-4145
18400	8731
18410	-9922
18420	7257
18430	-1772
18440	-4403
18450	8866
18460	-9883
18470	7058
18480	-1490
18490	-4657
18500	8994
18510	-9835
18520	6854
18530	-1208
18540	-4907
18550	9115
18560	-9780
18570	6644
18580	-925
18590	-5153
18600	9229
18610	-9717
18620	6428
18630	-641
18640	-5396
18650	9335
18660	-9645
18670	6207
18680	-356
18690	-5633
18700	9433
18710	-9566
18720	5981
18730	-71
18740	-5866
18750	9524
18760	-9479
18770	5750
18780	214
18790	-6095
18800	9607
18810	-9385
18820	5515
18830	498
18840	-6318
18850	9682
18860	-9282
18870	5275
18880	783
18890	-6536
18900	9749
18910	-9173
18920	5031
18930	1067
18940	-6749
18950	9809
18960	-9056
18970	4783
18980	1349
18990	-6957
19000	9860
19010	-8931
19020	4530
19030	1631
19040	-7159
19050	9904
19060	-8799
19070	4275
19080	1912
19090	-7355
19100	9939
19110	-8660
19120	4015
19130	2190
19140	-7545
19150	9966
19160	-8514
19170	3753
19180	2468
19190	-7729
19200	9986
19210	-8361
19220	3487
19230	2743
19240	-7906
19250	9997
19260	-8202
19270	3219
19280	3016
19290	-8078
19300	10000
19310	-8035
19320	2948
19330	3286
19340	-8242
19350	9995
19360	-7863
19370	2674
19380	3554
19390	-8400
19400	9982
19410	-7683
19420	2398
19430	3819
19440	-8551
19450	9960
19460	-7498
19470	2121
19480	4080
19490	-8696
19500	9931
19510	-7306
19520	1842
19530	4339
19540	-8833
19550	9894
19560	-7109
19570	1561
19580	4594
19590	-8963
19600	9848
19610	-6905
19620	1279
19630	4845
19640	-9086
19650	9795
19660	-6697
19670	996
19680	5092
19690	-9201
19700	9733
19710	-6482
19720	712
19730	5335
19740	-9309
19750	9664
19760	-6263
19770	427
19780	5574
19790	-9409
19800	9587
19810	-6038
19820	142
19830	5808
19840	-9502
19850	9502
19860	-5808
19870	-142
19880	6038
19890	-9587
19900	9409
19910	-5574
19920	-427
19930	6263
19940	-9664
19950	9309
19960	-5335
19970	-712
19980	6482
19990	-9733
20000	9201
20010	-5092
20020	-996
20030	6697
20040	-9795
20050	9086
20060	-4845
20070	-1279
20080	6905
20090	-9848
20100	8963
20110	-4594
20120	-1561
20130	7109
20140	-9894
20150	8833
20160	-4339
20170	-1842
20180	7306
20190	-9931
20200	8696
20210	-4080
20220	-2121
20230	7498
20240	-9960
20250	8551
20260	-3819
20270	-2398
20280	7683
20290	-9982
20300	8400
20310	-3554
20320	-2674
20330	7863
20340	-9995
20350	8242
20360	-3286
20370	-2948
20380	8035
20390	-10000
20400	8078
20410	-3016
20420	-3219
20430	8202
20440	-9997
20450	7906
20460	-2743
20470	-3487
20480	8361
20490	-9986
20500	7729
20510	-2468
20520	-3753
20530	8514
20540	-9966
20550	7545
20560	-2190
20570	-4015
20580	8660
20590	-9939
20600	7355
20610	-1912
20620	-4275
20630	8799
20640	-9904
20650	7159
20660	-1631
20670	-4530
20680	8931
20690	-9860
20700	6957
20710	-1349
20720	-4783
20730	9056
20740	-9809
20750	6749
20760	-1067
20770	-5031
20780	9173
20790	-9749
20800	6536
20810	-783
20820	-5275
20830	9282
20840	-9682
20850	6318
20860	-498
20870	-5515
20880	9385
20890	-9607
20900	6095
20910	-214
20920	-5750
20930	9479
20940	-9524
20950	5866
20960	71
20970	-5981
20980	9566
20990	-9433
21000	5633
21010	356
21020	-6207
21030	9645
21040	-9335
21050	5396
21060	641
21070	-6428
21080	9717
21090	-9229
21100	5153
21110	925
21120	-6644
21130	9780
21140	-9115
21150	4907
21160	1208
21170	-6854
21180	9835
21190	-8994
21200	4657
21210	1490
21220	-7058
21230	9883
21240	-8866
21250	4403
21260	1772
21270	-7257
21280	9922
21290	-8731
21300	4145
21310	2051
21320	-7450
21330	9954
21340	-8588
21350	3884
21360	2329
21370	-7638
21380	9977
21390	-8439
21400	3620
21410	2605
21420	-7818
21430	9992
21440	-8282
21450	3353
21460	2879
21470	-7993
21480	9999
21490	-8119
21500	3083
21510	3151
21520	-8161
21530	9998
21540	-7950
21550	2811
21560	3420
21570	-8322
21580	9989
21590	-7774
21600	2537
21610	3687
21620	-8477
21630	9972
21640	-7591
21650	2260
21660	3950
21670	-8624
21680	9947
21690	-7403
21700	1981
21710	4210
21720	-8765
21730	9913
21740	-7208
21750	1701
21760	4467
21770	-8899
21780	9872
21790	-7008
21800	1420
21810	4720
21820	-9025
21830	9822
21840	-6802
21850	1137
21860	4969
21870	-9144
21880	9765
21890	-6590
21900	854
21910	5214
21920	-9256
21930	9700
21940	-6373
21950	570
21960	5455
21970	-9360
21980	9626
21990	-6151
22000	285
22010	5692
22020	-9456
22030	9545
22040	-5924
22050	0
22060	5924
22070	-9545
22080	9456
22090	-5692
22100	-285
22110	6151
22120	-9626
22130	9360
22140	-5455
22150	-570
22160	6373
22170	-9700
22180	9256
22190	-5214
22200	-854
22210	6590
22220	-9765
22230	9144
22240	-4969
22250	-1137
22260	6802
22270	-9822
22280	9025
22290	-4720
22300	-1420
22310	7008
22320	-9872
22330	8899
22340	-4467
22350	-1701
22360	7208
22370	-9913
22380	8765
22390	-4210
22400	-1981
22410	7403
22420	-9947
22430	8624
22440	-3950
22450	-2260
22460	7591
22470	-9972
22480	8477
22490	-3687
22500	-2537
22510	7774
22520	-9989
22530	8322
22540	-3420
22550	-2811
22560	7950
22570	-9998
22580	8161
22590	-3151
22600	-3083
22610	8119
22620	-9999
22630	7993
22640	-2879
22650	-3353
22660	8282
22670	-9992
22680	7818
22690	-2605
22700	-3620
22710	8439
22720	-9977
22730	7638
22740	-2329
22750	-3884
22760	8588
22770	-9954
22780	7450
22790	-2051
22800	-4145
22810	8731
22820	-9922
22830	7257
22840	-1772
22850	-4403
22860	8866
22870	-9883
22880	7058
22890	-1490
22900	-4657
22910	8994
22920	-9835
22930	6854
22940	-1208
22950	-4907
22960	9115
22970	-9780
22980	6644
22990	-925
23000	-5153
23010	9229
23020	-9717
23030	6428
23040	-641
23050	-5396
23060	9335
23070	-9645
23080	6207
23090	-356
23100	-5633
23110	9433
23120	-9566
23130	5981
23140	-71
23150	-5866
23160	9524
23170	-9479
23180	5750
23190	214
23200	-6095
23210	9607
23220	-9385
23230	5515
23240	498
23250	-6318
23260	9682
23270	-9282
23280	5275
23290	783
23300	-6536
23310	9749
23320	-9173
23330	5031
23340	1067
23350	-6749
23360	9809
23370	-9056
23380	4783
23390	1349
23400	-6957
23410	9860
23420	-8931
23430	4530
23440	1631
23450	-7159
23460	9904
23470	-8799
23480	4275
23490	1912
23500	-7355
23510	9939
23520	-8660
23530	4015
23540	2190
23550	-7545
23560	9966
23570	-8514
23580	3753
23590	2468
23600	-7729
23610	9986
23620	-8361
23630	3487
23640	2743
23650	-7906
23660	9997
23670	-8202
23680	3219
23690	3016
23700	-8078
23710	10000
23720	-8035
23730	2948
23740	3286
23750	-8242
23760	9995
23770	-7863
23780	2674
23790	3554
23800	-8400
23810	9982
23820	-7683
23830	2398
23840	3819
23850	-8551
23860	9960
23870	-7498
23880	2121
23890	4080
23900	-8696
23910	9931
23920	-7306
23930	1842
23940	4339
23950	-8833
23960	9894
23970	-7109
23980	1561
23990	4594
24000	-8963
24010	9848
24020	-6905
24030	1279
24040	4845
24050	-9086
24060	9795
24070	-6697
24080	996
24090	5092
24100	-9201
24110	9733
24120	-6482
24130	712
24140	5335
24150	-9309
24160	9664
24170	-6263
24180	427
24190	5574
24200	-9409
24210	9587
24220	-6038
24230	142
24240	5808
24250	-9502
24260	9502
24270	-5808
24280	-142
24290	6038
24300	-9587
24310	9409
24320	-5574
24330	-427
24340	6263
24350	-9664
24360	9309
24370	-5335
24380	-712
24390	6482
24400	-9733
24410	9201
24420	-5092
24430	-996
24440	6697
24450	-9795
24460	9086
24470	-4845
24480	-1279
24490	6905
24500	-9848
24510	8963
24520	-4594
24530	-1561
24540	7109
24550	-9894
24560	8833
24570	-4339
24580	-1842
24590	7306
24600	-9931
24610	8696
24620	-4080
24630	-2121
24640	7498
24650	-9960
24660	8551
24670	-3819
24680	-2398
24690	7683
24700	-9982
24710	8400
24720	-3554
24730	-2674
24740	7863
24750	-9995
24760	8242
24770	-3286
24780	-2948
24790	8035
24800	-10000
24810	8078
24820	-3016
24830	-3219
24840	8202
24850	-9997
24860	7906
24870	-2743
24880	-3487
24890	8361
24900	-9986
24910	7729
24920	-2468
24930	-3753
24940	8514
24950	-9966
24960	7545
24970	-2190
24980	-4015
24990	8660
25000	-9939
25010	7355
25020	-1912
25030	-4275
25040	8799
25050	-9904
25060	7159
25070	-1631
25080	-4530
25090	8931
25100	-9860
25110	6957
25120	-1349
25130	-4783
25140	9056
25150	-9809
25160	6749
25170	-1067
25180	-5031
25190	9173
25200	-9749
25210	6536
25220	-783
25230	-5275
25240	9282
25250	-9682
25260	6318
25270	-498
25280	-5515
25290	9385
25300	-9607
25310	6095
25320	-214
25330	-5750
25340	9479
25350	-9524
25360	5866
25370	71
25380	-5981
25390	9566
25400	-9433
25410	5633
25420	356
25430	-6207
25440	9645
25450	-9335
25460	5396
25470	641
25480	-6428
25490	9717
25500	-9229
25510	5153
25520	925
25530	-6644
25540	9780
25550	-9115
25560	4907
25570	1208
25580	-6854
25590	9835
25600	-8994
25610	4657
25620	1490
25630	-7058
25640	9883
25650	-8866
25660	4403
25670	1772
25680	-7257
25690	9922
25700	-8731
25710	4145
25720	2051
25730	-7450
25740	9954
25750	-8588
25760	3884
25770	2329
25780	-7638
25790	9977
25800	-8439
25810	3620
25820	2605
25830	-7818
25840	9992
25850	-8282
25860	3353
25870	2879
25880	-7993
25890	9999
25900	-8119
25910	3083
25920	3151
25930	-8161
25940	9998
25950	-7950
25960	2811
25970	3420
25980	-8322
25990	9989
26000	-7774
26010	2537
26020	3687
26030	-8477
26040	9972
26050	-7591
26060	2260
26070	3950
26080	-8624
26090	9947
26100	-7403
26110	1981
26120	4210
26130	-8765
26140	9913
26150	-7208
26160	1701
26170	4467
26180	-8899
26190	9872
26200	-7008
26210	1420
26220	4720
26230	-9025
26240	9822
26250	-6802
26260	1137
26270	4969
26280	-9144
26290	9765
26300	-6590
26310	854
26320	5214
26330	-9256
26340	9700
26350	-6373
26360	570
26370	5455
26380	-9360
26390	9626
26400	-6151
26410	285
26420	5692
26430	-9456
26440	9545
26450	-5924
26460	0
26470	5924
26480	-9545
26490	9456
26500	-5692
26510	-285
26520	6151
26530	-9626
26540	9360
26550	-5455
26560	-570
26570	6373
26580	-9700
26590	9256
26600	-5214
26610	-854
26620	6590
26630	-9765
26640	9144
26650	-4969
26660	-1137
26670	6802
26680	-9822
26690	9025
26700	-4720
26710	-1420
26720	7008
26730	-9872
26740	8899
26750	-4467
26760	-1701
26770	7208
26780	-9913
26790	8765
26800	-4210
26810	-1981
26820	7403
26830	-9947
26840	8624
26850	-3950
26860	-2260
26870	7591
26880	-9972
26890	8477
26900	-3687
26910	-2537
26920	7774
26930	-9989
26940	8322
26950	-3420
26960	-2811
26970	7950
26980	-9998
26990	8161
27000	-3151
27010	-3083
27020	8119
27030	-9999
27040	7993
27050	-2879
27060	-3353
27070	8282
27080	-9992
27090	7818
27100	-2605
27110	-3620
27120	8439
27130	-9977
27140	7638
27150	-2329
27160	-3884
27170	8588
27180	-9954
27190	7450
27200	-2051
27210	-4145
27220	8731
27230	-9922
27240	7257
27250	-1772
27260	-4403
27270	8866
27280	-9883
27290	7058
27300	-1490
27310	-4657
27320	8994
27330	-9835
27340	6854
27350	-1208
27360	-4907
27370	9115
27380	-9780
27390	6644
27400	-925
27410	-5153
27420	9229
27430	-9717
27440	6428
27450	-641
27460	-5396
27470	9335
27480	-9645
27490	6207
27500	-356
27510	-5633
27520	9433
27530	-9566
27540	5981
27550	-71
27560	-5866
27570	9524
27580	-9479
27590	5750
27600	214
27610	-6095
27620	9607
27630	-9385
27640	5515
27650	498
27660	-6318
27670	9682
27680	-9282
27690	5275
27700	783
27710	-6536
27720	9749
27730	-9173
27740	5031
27750	1067
27760	-6749
27770	9809
27780	-9056
27790	4783
27800	1349
27810	-6957
27820	9860
27830	-8931
27840	4530
27850	1631
27860	-7159
27870	9904
27880	-8799
27890	4275
27900	1912
27910	-7355
27920	9939
27930	-8660
27940	4015
27950	2190
27960	-7545
27970	9966
27980	-8514
27990	3753
28000	2468
28010	-7729
28020	9986
28030	-8361
28040	3487
28050	2743
28060	-7906
28070	9997
28080	-8202
28090	3219
28100	3016
28110	-8078
28120	10000
28130	-8035
28140	2948
28150	3286
28160	-8242
28170	9995
28180	-7863
28190	2674
28200	3554
28210	-8400
28220	9982
28230	-7683
28240	2398
28250	3819
28260	-8551
28270	9960
28280	-7498
28290	2121
28300	4080
28310	-8696
28320	9931
28330	-7306
28340	1842
28350	4339
28360	-8833
28370	9894
28380	-7109
28390	1561
28400	4594
28410	-8963
28420	9848
28430	-6905
28440	1279
28450	4845
28460	-9086
28470	9795
28480	-6697
28490	996
28500	5092
28510	-9201
28520	9733
28530	-6482
28540	712
28550	5335
28560	-9309
28570	9664
28580	-6263
28590	427
28600	5574
28610	-9409
28620	9587
28630	-6038
28640	142
28650	5808
28660	-9502
28670	9502
28680	-5808
28690	-142
28700	6038
28710	-9587
28720	9409
28730	-5574
28740	-427
28750	6263
28760	-9664
28770	9309
28780	-5335
28790	-712
28800	6482
28810	-9733
28820	9201
28830	-5092
28840	-996
28850	6697
28860	-9795
28870	9086
28880	-4845
28890	-1279
28900	6905
28910	-9848
28920	8963
28930	-4594
28940	-1561
28950	7109
28960	-9894
28970	8833
28980	-4339
28990	-1842
29000	7306
29010	-9931
29020	8696
29030	-4080
29040	-2121
29050	7498
29060	-9960
29070	8551
29080	-3819
29090	-2398
29100	7683
29110	-9982
29120	8400
29130	-3554
29140	-2674
29150	7863
29160	-9995
29170	8242
29180	-3286
29190	-2948
29200	8035
29210	-10000
29220	8078
29230	-3016
29240	-3219
29250	8202
29260	-9997
29270	7906
29280	-2743
29290	-3487
29300	8361
29310	-9986
29320	7729
29330	-2468
29340	-3753
29350	8514
29360	-9966
29370	7545
29380	-2190
29390	-4015
29400	8660
29410	-9939
29420	7355
29430	-1912
29440	-4275
29450	8799
29460	-9904
29470	7159
29480	-1631
29490	-4530
29500	8931
29510	-9860
29520	6957
29530	-1349
29540	-4783
29550	9056
29560	-9809
29570	6749
29580	-1067
29590	-5031
29600	9173
29610	-9749
29620	6536
29630	-783
29640	-5275
29650	9282
29660	-9682
29670	6318
29680	-498
29690	-5515
29700	9385
29710	-9607
29720	6095
29730	-214
29740	-5750
29750	9479
29760	-9524
29770	5866
29780	71
29790	-5981
29800	9566
29810	-9433
29820	5633
29830	356
29840	-6207
29850	9645
29860	-9335
29870	5396
29880	641
29890	-6428
29900	9717
29910	-9229
29920	5153
29930	925
29940	-6644
29950	9780
29960	-9115
29970	4907
29980	1208
29990	-6854
30000	9835
30010	-8994
30020	4657
30030	1490
30040	-7058
30050	9883
30060	-8866
30070	4403
30080	1772
30090	-7257
30100	9922
30110	-8731
30120	4145
30130	2051
30140	-7450
30150	9954
30160	-8588
30170	3884
30180	2329
30190	-7638
30200	9977
30210	-8439
30220	3620
30230	2605
30240	-7818
30250	9992
30260	-8282
30270	3353
30280	2879
30290	-7993
30300	9999
30310	-8119
30320	3083
30330	3151
30340	-8161
30350	9998
30360	-7950
30370	2811
30380	3420
30390	-8322
30400	9989
30410	-7774
30420	2537
30430	3687
30440	-8477
30450	9972
30460	-7591
30470	2260
30480	3950
30490	-8624
30500	9947
30510	-7403
30520	1981
30530	4210
30540	-8765
30550	9913
30560	-7208
30570	1701
30580	4467
30590	-8899
30600	9872
30610	-7008
30620	1420
30630	4720
30640	-9025
30650	9822
30660	-6802
30670	1137
30680	4969
30690	-9144
30700	9765
30710	-6590
30720	854
30730	5214
30740	-9256
30750	9700
30760	-6373
30770	570
30780	5455
30790	-9360
30800	9626
30810	-6151
30820	285
30830	5692
30840	-9456
30850	9545
30860	-5924
30870	0
30880	5924
30890	-9545
30900	9456
30910	-5692
30920	-285
30930	6151
30940	-9626
30950	9360
30960	-5455
30970	-570
30980	6373
30990	-9700
31000	9256
31010	-5214
31020	-854
31030	6590
31040	-9765
31050	9144
31060	-4969
31070	-1137
31080	6802
31090	-9822
31100	9025
31110	-4720
31120	-1420
31130	7008
31140	-9872
31150	8899
31160	-4467
31170	-1701
31180	7208
31190	-9913
31200	8765
31210	-4210
31220	-1981
31230	7403
31240	-9947
31250	8624
31260	-3950
31270	-2260
31280	7591
31290	-9972
31300	8477
31310	-3687
31320	-2537
31330	7774
31340	-9989
31350	8322
31360	-3420
31370	-2811
31380	7950
31390	-9998
31400	8161
31410	-3151
31420	-3083
31430	8119
31440	-9999
31450	7993
31460	-2879
31470	-3353
31480	8282
31490	-9992
31500	7818
31510	-2605
31520	-3620
31530	8439
31540	-9977
31550	7638
31560	-2329
31570	-3884
31580	8588
31590	-9954
31600	7450
31610	-2051
31620	-4145
31630	8731
31640	-9922
31650	7257
31660	-1772
31670	-4403
31680	8866
31690	-9883
31700	7058
31710	-1490
31720	-4657
31730	8994
31740	-9835
31750	6854
31760	-1208
31770	-4907
31780	9115
31790	-9780
31800	6644
31810	-925
31820	-5153
31830	9229
31840	-9717
31850	6428
31860	-641
31870	-5396
31880	9335
31890	-9645
31900	6207
31910	-356
31920	-5633
31930	9433
31940	-9566
31950	5981
31960	-71
31970	-5866
31980	9524
31990	-9479
32000	5750
32010	214
32020	-6095
32030	9607
32040	-9385
32050	5515
32060	498
32070	-6318
32080	9682
32090	-9282
32100	5275
32110	783
32120	-6536
32130	9749
32140	-9173
32150	5031
32160	1067
32170	-6749
32180	9809
32190	-9056
32200	4783
32210	1349
32220	-6957
32230	9860
32240	-8931
32250	4530
32260	1631
32270	-7159
32280	9904
32290	-8799
32300	4275
32310	1912
32320	-7355
32330	9939
32340	-8660
32350	4015
32360	2190
32370	-7545
32380	9966
32390	-8514
32400	3753
32410	2468
32420	-7729
32430	9986
32440	-8361
32450	3487
32460	2743
32470	-7906
32480	9997
32490	-8202
32500	3219
32510	3016
32520	-8078
32530	10000
32540	-8035
32550	2948
32560	3286
32570	-8242
32580	9995
32590	-7863
32600	2674
32610	3554
32620	-8400
32630	9982
32640	-7683
32650	2398
32660	3819
32670	-8551
32680	9960
32690	-7498
32700	2121
32710	4080
32720	-8696
32730	9931
32740	-7306
32750	1842
32760	4339
32770	-8833
32780	9894
32790	-7109
32800	1561
32810	4594
32820	-8963
32830	9848
32840	-6905
32850	1279
32860	4845
32870	-9086
32880	9795
32890	-6697
32900	996
32910	5092
32920	-9201
32930	9733
32940	-6482
32950	712
32960	5335
32970	-9309
32980	9664
32990	-6263
33000	427
33010	5574
33020	-9409
33030	9587
33040	-6038
33050	142
33060	5808
33070	-9502
33080	9502
33090	-5808
33100	-142
33110	6038
33120	-9587
33130	9409
33140	-5574
33150	-427
33160	6263
33170	-9664
33180	9309
33190	-5335
33200	-712
33210	6482
33220	-9733
33230	9201
33240	-5092
33250	-996
33260	6697
33270	-9795
33280	9086
33290	-4845
33300	-1279
33310	6905
33320	-9848
33330	8963
33340	-4594
33350	-1561
33360	7109
33370	-9894
33380	8833
33390	-4339
33400	-1842
33410	7306
33420	-9931
33430	8696
33440	-4080
33450	-2121
33460	7498
33470	-9960
33480	8551
33490	-3819
33500	-2398
33510	7683
33520	-9982
33530	8400
33540	-3554
33550	-2674
33560	7863
33570	-9995
33580	8242
33590	-3286
33600	-2948
33610	8035
33620	-10000
33630	8078
33640	-3016
33650	-3219
33660	8202
33670	-9997
33680	7906
33690	-2743
33700	-3487
33710	8361
33720	-9986
33730	7729
33740	-2468
33750	-3753
33760	8514
33770	-9966
33780	7545
33790	-2190
33800	-4015
33810	8660
33820	-9939
33830	7355
33840	-1912
33850	-4275
33860	8799
33870	-9904
33880	7159
33890	-1631
33900	-4530
33910	8931
33920	-9860
33930	6957
33940	-1349
33950	-4783
33960	9056
33970	-9809
33980	6749
33990	-1067
34000	-5031
34010	9173
34020	-9749
34030	6536
34040	-783
34050	-5275
34060	9282
34070	-9682
34080	6318
34090	-498
34100	-5515
34110	9385
34120	-9607
34130	6095
34140	-214
34150	-5750
34160	9479
34170	-9524
34180	5866
34190	71
34200	-5981
34210	9566
34220	-9433
34230	5633
34240	356
34250	-6207
34260	9645
34270	-9335
34280	5396
34290	641
34300	-6428
34310	9717
34320	-9229
34330	5153
34340	925
34350	-6644
34360	9780
34370	-9115
34380	4907
34390	1208
34400	-6854
34410	9835
34420	-8994
34430	4657
34440	1490
34450	-7058
34460	9883
34470	-8866
34480	4403
34490	1772
34500	-7257
34510	9922
34520	-8731
34530	4145
34540	2051
34550	-7450
34560	9954
34570	-8588
34580	3884
34590	2329
34600	-7638
34610	9977
34620	-8439
34630	3620
34640	2605
34650	-7818
34660	9992
34670	-8282
34680	3353
34690	2879
34700	-7993
34710	9999
34720	-8119
34730	3083
34740	3151
34750	-8161
34760	9998
34770	-7950
34780	2811
34790	3420
34800	-8322
34810	9989
34820	-7774
34830	2537
34840	3687
34850	-8477
34860	9972
34870	-7591
34880	2260
34890	3950
34900	-8624
34910	9947
34920	-7403
34930	1981
34940	4210
34950	-8765
34960	9913
34970	-7208
34980	1701
34990	4467
35000	-8899
35010	9872
35020	-7008
35030	1420
35040	4720
35050	-9025
35060	9822
35070	-6802
35080	1137
35090	4969
35100	-9144
35110	9765
35120	-6590
35130	854
35140	5214
35150	-9256
35160	9700
35170	-6373
35180	570
35190	5455
35200	-9360
35210	9626
35220	-6151
35230	285
35240	5692
35250	-9456
35260	9545
35270	-5924
35280	0
35290	5924
35300	-9545
35310	9456
35320	-5692
35330	-285
35340	6151
35350	-9626
35360	9360
35370	-5455
35380	-570
35390	6373
35400	-9700
35410	9256
35420	-5214
35430	-854
35440	6590
35450	-9765
35460	9144
35470	-4969
35480	-1137
35490	6802
35500	-9822
35510	9025
35520	-4720
35530	-1420
35540	7008
35550	-9872
35560	8899
35570	-4467
35580	-1701
35590	7208
35600	-9913
35610	8765
35620	-4210
35630	-1981
35640	7403
35650	-9947
35660	8624
35670	-3950
35680	-2260
35690	7591
35700	-9972
35710	8477
35720	-3687
35730	-2537
35740	7774
35750	-9989
35760	8322
35770	-3420
35780	-2811
35790	7950
35800	-9998
35810	8161
35820	-3151
35830	-3083
35840	8119
35850	-9999
35860	7993
35870	-2879
35880	-3353
35890	8282
35900	-9992
35910	7818
35920	-2605
35930	-3620
35940	8439
35950	-9977
35960	7638
35970	-2329
35980	-3884
35990	8588
36000	-9954
36010	7450
36020	-2051
36030	-4145
36040	8731
36050	-9922
36060	7257
36070	-1772
36080	-4403
36090	8866
36100	-9883
36110	7058
36120	-1490
36130	-4657
36140	8994
36150	-9835
36160	6854
36170	-1208
36180	-4907
36190	9115
36200	-9780
36210	6644
36220	-925
36230	-5153
36240	9229
36250	-9717
36260	6428
36270	-641
36280	-5396
36290	9335
36300	-9645
36310	6207
36320	-356
36330	-5633
36340	9433
36350	-9566
36360	5981
36370	-71
36380	-5866
36390	9524
36400	-9479
36410	5750
36420	214
36430	-6095
36440	9607
36450	-9385
36460	5515
36470	498
36480	-6318
36490	9682
36500	-9282
36510	5275
36520	783
36530	-6536
36540	9749
36550	-9173
36560	5031
36570	1067
36580	-6749
36590	9809
36600	-9056
36610	4783
36620	1349
36630	-6957
36640	9860
36650	-8931
36660	4530
36670	1631
36680	-7159
36690	9904
36700	-8799
36710	4275
36720	1912
36730	-7355
36740	9939
36750	-8660
36760	4015
36770	2190
36780	-7545
36790	9966
36800	-8514
36810	3753
36820	2468
36830	-7729
36840	9986
36850	-8361
36860	3487
36870	2743
36880	-7906
36890	9997
36900	-8202
36910	3219
36920	3016
36930	-8078
36940	10000
36950	-8035
36960	2948
36970	3286
36980	-8242
36990	9995
37000	-7863
37010	2674
37020	3554
37030	-8400
37040	9982
37050	-7683
37060	2398
37070	3819
37080	-8551
37090	9960
37100	-7498
37110	2121
37120	4080
37130	-8696
37140	9931
37150	-7306
37160	1842
37170	4339
37180	-8833
37190	9894
37200	-7109
37210	1561
37220	4594
37230	-8963
37240	9848
37250	-6905
37260	1279
37270	4845
37280	-9086
37290	9795
37300	-6697
37310	996
37320	5092
37330	-9201
37340	9733
37350	-6482
37360	712
37370	5335
37380	-9309
37390	9664
37400	-6263
37410	427
37420	5574
37430	-9409
37440	9587
37450	-6038
37460	142
37470	5808
37480	-9502
37490	9502
37500	-5808
37510	-142
37520	6038
37530	-9587
37540	9409
37550	-5574
37560	-427
37570	6263
37580	-9664
37590	9309
37600	-5335
37610	-712
37620	6482
37630	-9733
37640	9201
37650	-5092
37660	-996
37670	6697
37680	-9795
37690	9086
37700	-4845
37710	-1279
37720	6905
37730	-9848
37740	8963
37750	-4594
37760	-1561
37770	7109
37780	-9894
37790	8833
37800	-4339
37810	-1842
37820	7306
37830	-9931
37840	8696
37850	-4080
37860	-2121
37870	7498
37880	-9960
37890	8551
37900	-3819
37910	-2398
37920	7683
37930	-9982
37940	8400
37950	-3554
37960	-2674
37970	7863
37980	-9995
37990	8242
38000	-3286
38010	-2948
38020	8035
38030	-10000
38040	8078
38050	-3016
38060	-3219
38070	8202
38080	-9997
38090	7906
38100	-2743
38110	-3487
38120	8361
38130	-9986
38140	7729
38150	-2468
38160	-3753
38170	8514
38180	-9966
38190	7545
38200	-2190
38210	-4015
38220	8660
38230	-9939
38240	7355
38250	-1912
38260	-4275
38270	8799
38280	-9904
38290	7159
38300	-1631
38310	-4530
38320	8931
38330	-9860
38340	6957
38350	-1349
38360	-4783
38370	9056
38380	-9809
38390	6749
38400	-1067
38410	-5031
38420	9173
38430	-9749
38440	6536
38450	-783
38460	-5275
38470	9282
38480	-9682
38490	6318
38500	-498
38510	-5515
38520	9385
38530	-9607
38540	6095
38550	-214
38560	-5750
38570	9479
38580	-9524
38590	5866
38600	71
38610	-5981
38620	9566
38630	-9433
38640	5633
38650	356
38660	-6207
38670	9645
38680	-9335
38690	5396
38700	641
38710	-6428
38720	9717
38730	-9229
38740	5153
38750	925
38760	-6644
38770	9780
38780	-9115
38790	4907
38800	1208
38810	-6854
38820	9835
38830	-8994
38840	4657
38850	1490
38860	-7058
38870	9883
38880	-8866
38890	4403
38900	1772
38910	-7257
38920	9922
38930	-8731
38940	4145
38950	2051
38960	-7450
38970	9954
38980	-8588
38990	3884
39000	2329
39010	-7638
39020	9977
39030	-8439
39040	3620
39050	2605
39060	-7818
39070	9992
39080	-8282
39090	3353
39100	2879
39110	-7993
39120	9999
39130	-8119
39140	3083
39150	3151
39160	-8161
39170	9998
39180	-7950
39190	2811
39200	3420
39210	-8322
39220	9989
39230	-7774
39240	2537
39250	3687
39260	-8477
39270	9972
39280	-7591
39290	2260
39300	3950
39310	-8624
39320	9947
39330	-7403
39340	1981
39350	4210
39360	-8765
39370	9913
39380	-7208
39390	1701
39400	4467
39410	-8899
39420	9872
39430	-7008
39440	1420
39450	4720
39460	-9025
39470	9822
39480	-6802
39490	1137
39500	4969
39510	-9144
39520	9765
39530	-6590
39540	854
39550	5214
39560	-9256
39570	9700
39580	-6373
39590	570
39600	5455
39610	-9360
39620	9626
39630	-6151
39640	285
39650	5692
39660	-9456
39670	9545
39680	-5924
39690	0
39700	5924
39710	-9545
39720	9456
39730	-5692
39740	-285
39750	6151
39760	-9626
39770	9360
39780	-5455
39790	-570
39800	6373
39810	-9700
39820	9256
39830	-5214
39840	-854
39850	6590
39860	-9765
39870	9144
39880	-4969
39890	-1137
39900	6802
39910	-9822
39920	9025
39930	-4720
39940	-1420
39950	7008
39960	-9872
39970	8899
39980	-4467
39990	-1701
40000	7208
40010	-9913
40020	8765
40030	-4210
40040	-1981
40050	7403
40060	-9947
40070	8624
40080	-3950
40090	-2260
40100	7591
40110	-9972
40120	8477
40130	-3687
40140	-2537
40150	7774
40160	-9989
40170	8322
40180	-3420
40190	-2811
40200	7950
40210	-9998
40220	8161
40230	-3151
40240	-3083
40250	8119
40260	-9999
40270	7993
40280	-2879
40290	-3353
40300	8282
40310	-9992
40320	7818
40330	-2605
40340	-3620
40350	8439
40360	-9977
40370	7638
40380	-2329
40390	-3884
40400	8588
40410	-9954
40420	7450
40430	-2051
40440	-4145
40450	8731
40460	-9922
40470	7257
40480	-1772
40490	-4403
40500	8866
40510	-9883
40520	7058
40530	-1490
40540	-4657
40550	8994
40560	-9835
40570	6854
40580	-1208
40590	-4907
40600	9115
40610	-9780
40620	6644
40630	-925
40640	-5153
40650	9229
40660	-9717
40670	6428
40680	-641
40690	-5396
40700	9335
40710	-9645
40720	6207
40730	-356
40740	-5633
40750	9433
40760	-9566
40770	5981
40780	-71
40790	-5866
40800	9524
40810	-9479
40820	5750
40830	214
40840	-6095
40850	9607
40860	-9385
40870	5515
40880	498
40890	-6318
40900	9682
40910	-9282
40920	5275
40930	783
40940	-6536
40950	9749
40960	-9173
40970	5031
40980	1067
40990	-6749
41000	9809
41010	-9056
41020	4783
41030	1349
41040	-6957
41050	9860
41060	-8931
41070	4530
41080	1631
41090	-7159
41100	9904
41110	-8799
41120	4275
41130	1912
41140	-7355
41150	9939
41160	-8660
41170	4015
41180	2190
41190	-7545
41200	9966
41210	-8514
41220	3753
41230	2468
41240	-7729
41250	9986
41260	-8361
41270	3487
41280	2743
41290	-7906
41300	9997
41310	-8202
41320	3219
41330	3016
41340	-8078
41350	10000
41360	-8035
41370	2948
41380	3286
41390	-8242
41400	9995
41410	-7863
41420	2674
41430	3554
41440	-8400
41450	9982
41460	-7683
41470	2398
41480	3819
41490	-8551
41500	9960
41510	-7498
41520	2121
41530	4080
41540	-8696
41550	9931
41560	-7306
41570	1842
41580	4339
41590	-8833
41600	9894
41610	-7109
41620	1561
41630	4594
41640	-8963
41650	9848
41660	-6905
41670	1279
41680	4845
41690	-9086
41700	9795
41710	-6697
41720	996
41730	5092
41740	-9201
41750	9733
41760	-6482
41770	712
41780	5335
41790	-9309
41800	9664
41810	-6263
41820	427
41830	5574
41840	-9409
41850	9587
41860	-6038
41870	142
41880	5808
41890	-9502
41900	9502
41910	-5808
41920	-142
41930	6038
41940	-9587
41950	9409
41960	-5574
41970	-427
41980	6263
41990	-9664
42000	9309
42010	-5335
42020	-712
42030	6482
42040	-9733
42050	9201
42060	-5092
42070	-996
42080	6697
42090	-9795
42100	9086
42110	-4845
42120	-1279
42130	6905
42140	-9848
42150	8963
42160	-4594
42170	-1561
42180	7109
42190	-9894
42200	8833
42210	-4339
42220	-1842
42230	7306
42240	-9931
42250	8696
42260	-4080
42270	-2121
42280	7498
42290	-9960
42300	8551
42310	-3819
42320	-2398
42330	7683
42340	-9982
42350	8400
42360	-3554
42370	-2674
42380	7863
42390	-9995
42400	8242
42410	-3286
42420	-2948
42430	8035
42440	-10000
42450	8078
42460	-3016
42470	-3219
42480	8202
42490	-9997
42500	7906
42510	-2743
42520	-3487
42530	8361
42540	-9986
42550	7729
42560	-2468
42570	-3753
42580	8514
42590	-9966
42600	7545
42610	-2190
42620	-4015
42630	8660
42640	-9939
42650	7355
42660	-1912
42670	-4275
42680	8799
42690	-9904
42700	7159
42710	-1631
42720	-4530
42730	8931
42740	-9860
42750	6957
42760	-1349
42770	-4783
42780	9056
42790	-9809
42800	6749
42810	-1067
42820	-5031
42830	9173
42840	-9749
42850	6536
42860	-783
42870	-5275
42880	9282
42890	-9682
42900	6318
42910	-498
42920	-5515
42930	9385
42940	-9607
42950	6095
42960	-214
42970	-5750
42980	9479
42990	-9524
43000	5866
43010	71
43020	-5981
43030	9566
43040	-9433
43050	5633
43060	356
43070	-6207
43080	9645
43090	-9335
43100	5396
43110	641
43120	-6428
43130	9717
43140	-9229
43150	5153
43160	925
43170	-6644
43180	9780
43190	-9115
43200	4907
43210	1208
43220	-6854
43230	9835
43240	-8994
43250	4657
43260	1490
43270	-7058
43280	9883
43290	-8866
43300	4403
43310	1772
43320	-7257
43330	9922
43340	-8731
43350	4145
43360	2051
43370	-7450
43380	9954
43390	-8588
43400	3884
43410	2329
43420	-7638
43430	9977
43440	-8439
43450	3620
43460	2605
43470	-7818
43480	9992
43490	-8282
43500	3353
43510	2879
43520	-7993
43530	9999
43540	-8119
43550	3083
43560	3151
43570	-8161
43580	9998
43590	-7950
43600	2811
43610	3420
43620	-8322
43630	9989
43640	-7774
43650	2537
43660	3687
43670	-8477
43680	9972
43690	-7591
43700	2260
43710	3950
43720	-8624
43730	9947
43740	-7403
43750	1981
43760	4210
43770	-8765
43780	9913
43790	-7208
43800	1701
43810	4467
43820	-8899
43830	9872
43840	-7008
43850	1420
43860	4720
43870	-9025
43880	9822
43890	-6802
43900	1137
43910	4969
43920	-9144
43930	9765
43940	-6590
43950	854
43960	5214
43970	-9256
43980	9700
43990	-6373
44000	570
44010	5455
44020	-9360
44030	9626
44040	-6151
44050	285
44060	5692
44070	-9456
44080	9545
44090	-5924
44100	0
44110	5924
44120	-9545
44130	9456
44140	-5692
44150	-285
44160	6151
44170	-9626
44180	9360
44190	-5455
44200	-570
44210	6373
44220	-9700
44230	9256
44240	-5214
44250	-854
44260	6590
44270	-9765
44280	9144
44290	-4969
44300	-1137
44310	6802
44320	-9822
44330	9025
44340	-4720
44350	-1420
44360	7008
44370	-9872
44380	8899
44390	-4467
44400	-1701
44410	7208
44420	-9913
44430	8765
44440	-4210
44450	-1981
44460	7403
44470	-9947
44480	8624
44490	-3950
44500	-2260
44510	7591
44520	-9972
44530	8477
44540	-3687
44550	-2537
44560	7774
44570	-9989
44580	8322
44590	-3420
44600	-2811
44610	7950
44620	-9998
44630	8161
44640	-3151
44650	-3083
44660	8119
44670	-9999
44680	7993
44690	-2879
44700	-3353
44710	8282
44720	-9992
44730	7818
44740	-2605
44750	-3620
44760	8439
44770	-9977
44780	7638
44790	-2329
44800	-3884
44810	8588
44820	-9954
44830	7450
44840	-2051
44850	-4145
44860	8731
44870	-9922
44880	7257
44890	-1772
44900	-4403
44910	8866
44920	-9883
44930	7058
44940	-1490
44950	-4657
44960	8994
44970	-9835
44980	6854
44990	-1208
45000	-4907
45010	9115
45020	-9780
45030	6644
45040	-925
45050	-5153
45060	9229
45070	-9717
45080	6428
45090	-641
45100	-5396
45110	9335
45120	-9645
45130	6207
45140	-356
45150	-5633
45160	9433
45170	-9566
45180	5981
45190	-71
45200	-5866
45210	9524
45220	-9479
45230	5750
45240	214
45250	-6095
45260	9607
45270	-9385
45280	5515
45290	498
45300	-6318
45310	9682
45320	-9282
45330	5275
45340	783
45350	-6536
45360	9749
45370	-9173
45380	5031
45390	1067
45400	-6749
45410	9809
45420	-9056
45430	4783
45440	1349
45450	-6957
45460	9860
45470	-8931
45480	4530
45490	1631
45500	-7159
45510	9904
45520	-8799
45530	4275
45540	1912
45550	-7355
45560	9939
45570	-8660
45580	4015
45590	2190
45600	-7545
45610	9966
45620	-8514
45630	3753
45640	2468
45650	-7729
45660	9986
45670	-8361
45680	3487
45690	2743
45700	-7906
45710	9997
45720	-8202
45730	3219
45740	3016
45750	-8078
45760	10000
45770	-8035
45780	2948
45790	3286
45800	-8242
45810	9995
45820	-7863
45830	2674
45840	3554
45850	-8400
45860	9982
45870	-7683
45880	2398
45890	3819
45900	-8551
45910	9960
45920	-7498
45930	2121
45940	4080
45950	-8696
45960	9931
45970	-7306
45980	1842
45990	4339
46000	-8833
46010	9894
46020	-7109
46030	1561
46040	4594
46050	-8963
46060	9848
46070	-6905
46080	1279
46090	4845
46100	-9086
46110	9795
46120	-6697
46130	996
46140	5092
46150	-9201
46160	9733
46170	-6482
46180	712
46190	5335
46200	-9309
46210	9664
46220	-6263
46230	427
46240	5574
46250	-9409
46260	9587
46270	-6038
46280	142
46290	5808
46300	-9502
46310	9502
46320	-5808
46330	-142
46340	6038
46350	-9587
46360	9409
46370	-5574
46380	-427
46390	6263
46400	-9664
46410	9309
46420	-5335
46430	-712
46440	6482
46450	-9733
46460	9201
46470	-5092
46480	-996
46490	6697
46500	-9795
46510	9086
46520	-4845
46530	-1279
46540	6905
46550	-9848
46560	8963
46570	-4594
46580	-1561
46590	7109
46600	-9894
46610	8833
46620	-4339
46630	-1842
46640	7306
46650	-9931
46660	8696
46670	-4080
46680	-2121
46690	7498
46700	-9960
46710	8551
46720	-3819
46730	-2398
46740	7683
46750	-9982
46760	8400
46770	-3554
46780	-2674
46790	7863
46800	-9995
46810	8242
46820	-3286
46830	-2948
46840	8035
46850	-10000
46860	8078
46870	-3016
46880	-3219
46890	8202
46900	-9997
46910	7906
46920	-2743
46930	-3487
46940	8361
46950	-9986
46960	7729
46970	-2468
46980	-3753
46990	8514
47000	-9966
47010	7545
47020	-2190
47030	-4015
47040	8660
47050	-9939
47060	7355
47070	-1912
47080	-4275
47090	8799
47100	-9904
47110	7159
47120	-1631
47130	-4530
47140	8931
47150	-9860
47160	6957
47170	-1349
47180	-4783
47190	9056
47200	-9809
47210	6749
47220	-1067
47230	-5031
47240	9173
47250	-9749
47260	6536
47270	-783
47280	-5275
47290	9282
47300	-9682
47310	6318
47320	-498
47330	-5515
47340	9385
47350	-9607
47360	6095
47370	-214
47380	-5750
47390	9479
47400	-9524
47410	5866
47420	71
47430	-5981
47440	9566
47450	-9433
47460	5633
47470	356
47480	-6207
47490	9645
47500	-9335
47510	5396
47520	641
47530	-6428
47540	9717
47550	-9229
47560	5153
47570	925
47580	-6644
47590	9780
47600	-9115
47610	4907
47620	1208
47630	-6854
47640	9835
47650	-8994
47660	4657
47670	1490
47680	-7058
47690	9883
47700	-8866
47710	4403
47720	1772
47730	-7257
47740	9922
47750	-8731
47760	4145
47770	2051
47780	-7450
47790	9954
47800	-8588
47810	3884
47820	2329
47830	-7638
47840	9977
47850	-8439
47860	3620
47870	2605
47880	-7818
47890	9992
47900	-8282
47910	3353
47920	2879
47930	-7993
47940	9999
47950	-8119
47960	3083
47970	3151
47980	-8161
47990	9998
48000	-7950
48010	2811
48020	3420
48030	-8322
48040	9989
48050	-7774
48060	2537
48070	3687
48080	-8477
48090	9972
48100	-7591
48110	2260
48120	3950
48130	-8624
48140	9947
48150	-7403
48160	1981
48170	4210
48180	-8765
48190	9913
48200	-7208
48210	1701
48220	4467
48230	-8899
48240	9872
48250	-7008
48260	1420
48270	4720
48280	-9025
48290	9822
48300	-6802
48310	1137
48320	4969
48330	-9144
48340	9765
48350	-6590
48360	854
48370	5214
48380	-9256
48390	9700
48400	-6373
48410	570
48420	5455
48430	-9360
48440	9626
48450	-6151
48460	285
48470	5692
48480	-9456
48490	9545
48500	-5924
48510	0
48520	5924
48530	-9545
48540	9456
48550	-5692
48560	-285
48570	6151
48580	-9626
48590	9360
48600	-5455
48610	-570
48620	6373
48630	-9700
48640	9256
48650	-5214
48660	-854
48670	6590
48680	-9765
48690	9144
48700	-4969
48710	-1137
48720	6802
48730	-9822
48740	9025
48750	-4720
48760	-1420
48770	7008
48780	-9872
48790	8899
48800	-4467
48810	-1701
48820	7208
48830	-9913
48840	8765
48850	-4210
48860	-1981
48870	7403
48880	-9947
48890	8624
48900	-3950
48910	-2260
48920	7591
48930	-9972
48940	8477
48950	-3687
48960	-2537
48970	7774
48980	-9989
48990	8322
49000	-3420
49010	-2811
49020	7950
49030	-9998
49040	8161
49050	-3151
49060	-3083
49070	8119
49080	-9999
49090	7993
49100	-2879
49110	-3353
49120	8282
49130	-9992
49140	7818
49150	-2605
49160	-3620
49170	8439
49180	-9977
49190	7638
49200	-2329
49210	-3884
49220	8588
49230	-9954
49240	7450
49250	-2051
49260	-4145
49270	8731
49280	-9922
49290	7257
49300	-1772
49310	-4403
49320	8866
49330	-9883
49340	7058
49350	-1490
49360	-4657
49370	8994
49380	-9835
49390	6854
49400	-1208
49410	-4907
49420	9115
49430	-9780
49440	6644
49450	-925
49460	-5153
49470	9229
49480	-9717
49490	6428
49500	-641
49510	-5396
49520	9335
49530	-9645
49540	6207
49550	-356
49560	-5633
49570	9433
49580	-9566
49590	5981
49600	-71
49610	-5866
49620	9524
49630	-9479
49640	5750
49650	214
49660	-6095
49670	9607
49680	-9385
49690	5515
49700	498
49710	-6318
49720	9682
49730	-9282
49740	5275
49750	783
49760	-6536
49770	9749
49780	-9173
49790	5031
49800	1067
49810	-6749
49820	9809
49830	-9056
49840	4783
49850	1349
49860	-6957
49870	9860
49880	-8931
49890	4530
49900	1631
49910	-7159
49920	9904
49930	-8799
49940	4275
49950	1912
49960	-7355
49970	9939
49980	-8660
49990	4015
50000	2190
50010	-7545
50020	9966
50030	-8514
50040	3753
50050	2468
50060	-7729
50070	9986
50080	-8361
50090	3487
50100	2743
50110	-7906
50120	9997
50130	-8202
50140	3219
50150	3016
50160	-8078
50170	10000
50180	-8035
50190	2948
50200	3286
50210	-8242
50220	9995
50230	-7863
50240	2674
50250	3554
50260	-8400
50270	9982
50280	-7683
50290	2398
50300	3819
50310	-8551
50320	9960
50330	-7498
50340	2121
50350	4080
50360	-8696
50370	9931
50380	-7306
50390	1842
50400	4339
50410	-8833
50420	9894
50430	-7109
50440	1561
50450	4594
50460	-8963
50470	9848
50480	-6905
50490	1279
50500	4845
50510	-9086
50520	9795
50530	-6697
50540	996
50550	5092
50560	-9201
50570	9733
50580	-6482
50590	712
50600	5335
50610	-9309
50620	9664
50630	-6263
50640	427
50650	5574
50660	-9409
50670	9587
50680	-6038
50690	142
50700	5808
50710	-9502
50720	9502
50730	-5808
50740	-142
50750	6038
50760	-9587
50770	9409
50780	-5574
50790	-427
50800	6263
50810	-9664
50820	9309
50830	-5335
50840	-712
50850	6482
50860	-9733
50870	9201
50880	-5092
50890	-996
50900	6697
50910	-9795
50920	9086
50930	-4845
50940	-1279
50950	6905
50960	-9848
50970	8963
50980	-4594
50990	-1561
51000	7109
51010	-9894
51020	8833
51030	-4339
51040	-1842
51050	7306
51060	-9931
51070	8696
51080	-4080
51090	-2121
51100	7498
51110	-9960
51120	8551
51130	-3819
51140	-2398
51150	7683
51160	-9982
51170	8400
51180	-3554
51190	-2674
51200	7863
51210	-9995
51220	8242
51230	-3286
51240	-2948
51250	8035
51260	-10000
51270	8078
51280	-3016
51290	-3219
51300	8202
51310	-9997
51320	7906
51330	-2743
51340	-3487
51350	8361
51360	-9986
51370	7729
51380	-2468
51390	-3753
51400	8514
51410	-9966
51420	7545
51430	-2190
51440	-4015
51450	8660
51460	-9939
51470	7355
51480	-1912
51490	-4275
51500	8799
51510	-9904
51520	7159
51530	-1631
51540	-4530
51550	8931
51560	-9860
51570	6957
51580	-1349
51590	-4783
51600	9056
51610	-9809
51620	6749
51630	-1067
51640	-5031
51650	9173
51660	-9749
51670	6536
51680	-783
51690	-5275
51700	9282
51710	-9682
51720	6318
51730	-498
51740	-5515
51750	9385
51760	-9607
51770	6095
51780	-214
51790	-5750
51800	9479
51810	-9524
51820	5866
51830	71
51840	-5981
51850	9566
51860	-9433
51870	5633
51880	356
51890	-6207
51900	9645
51910	-9335
51920	5396
51930	641
51940	-6428
51950	9717
51960	-9229
51970	5153
51980	925
51990	-6644
52000	9780
52010	-9115
52020	4907
52030	1208
52040	-6854
52050	9835
52060	-8994
52070	4657
52080	1490
52090	-7058
52100	9883
52110	-8866
52120	4403
52130	1772
52140	-7257
52150	9922
52160	-8731
52170	4145
52180	2051
52190	-7450
52200	9954
52210	-8588
52220	3884
52230	2329
52240	-7638
52250	9977
52260	-8439
52270	3620
52280	2605
52290	-7818
52300	9992
52310	-8282
52320	3353
52330	2879
52340	-7993
52350	9999
52360	-8119
52370	3083
52380	3151
52390	-8161
52400	9998
52410	-7950
52420	2811
52430	3420
52440	-8322
52450	9989
52460	-7774
52470	2537
52480	3687
52490	-8477
52500	9972
52510	-7591
52520	2260
52530	3950
52540	-8624
52550	9947
52560	-7403
52570	1981
52580	4210
52590	-8765
52600	9913
52610	-7208
52620	1701
52630	4467
52640	-8899
52650	9872
52660	-7008
52670	1420
52680	4720
52690	-9025
52700	9822
52710	-6802
52720	1137
52730	4969
52740	-9144
52750	9765
52760	-6590
52770	854
52780	5214
52790	-9256
52800	9700
52810	-6373
52820	570
52830	5455
52840	-9360
52850	9626
52860	-6151
52870	285
52880	5692
52890	-9456
52900	9545
52910	-5924
52920	0
52930	5924
52940	-9545
52950	9456
52960	-5692
52970	-285
52980	6151
52990	-9626
53000	9360
53010	-5455
53020	-570
53030	6373
53040	-9700
53050	9256
53060	-5214
53070	-854
53080	6590
53090	-9765
53100	9144
53110	-4969
53120	-1137
53130	6802
53140	-9822
53150	9025
53160	-4720
53170	-1420
53180	7008
53190	-9872
53200	8899
53210	-4467
53220	-1701
53230	7208
53240	-9913
53250	8765
53260	-4210
53270	-1981
53280	7403
53290	-9947
53300	8624
53310	-3950
53320	-2260
53330	7591
53340	-9972
53350	8477
53360	-3687
53370	-2537
53380	7774
53390	-9989
53400	8322
53410	-3420
53420	-2811
53430	7950
53440	-9998
53450	8161
53460	-3151
53470	-3083
53480	8119
53490	-9999
53500	7993
53510	-2879
53520	-3353
53530	8282
53540	-9992
53550	7818
53560	-2605
53570	-3620
53580	8439
53590	-9977
53600	7638
53610	-2329
53620	-3884
53630	8588
53640	-9954
53650	7450
53660	-2051
53670	-4145
53680	8731
53690	-9922
53700	7257
53710	-1772
53720	-4403
53730	8866
53740	-9883
53750	7058
53760	-1490
53770	-4657
53780	8994
53790	-9835
53800	6854
53810	-1208
53820	-4907
53830	9115
53840	-9780
53850	6644
53860	-925
53870	-5153
53880	9229
53890	-9717
53900	6428
53910	-641
53920	-5396
53930	9335
53940	-9645
53950	6207
53960	-356
53970	-5633
53980	9433
53990	-9566
54000	5981
54010	-71
54020	-5866
54030	9524
54040	-9479
54050	5750
54060	214
54070	-6095
54080	9607
54090	-9385
54100	5515
54110	498
54120	-6318
54130	9682
54140	-9282
54150	5275
54160	783
54170	-6536
54180	9749
54190	-9173
54200	5031
54210	1067
54220	-6749
54230	9809
54240	-9056
54250	4783
54260	1349
54270	-6957
54280	9860
54290	-8931
54300	4530
54310	1631
54320	-7159
54330	9904
54340	-8799
54350	4275
54360	1912
54370	-7355
54380	9939
54390	-8660
54400	4015
54410	2190
54420	-7545
54430	9966
54440	-8514
54450	3753
54460	2468
54470	-7729
54480	9986
54490	-8361
54500	3487
54510	2743
54520	-7906
54530	9997
54540	-8202
54550	3219
54560	3016
54570	-8078
54580	10000
54590	-8035
54600	2948
54610	3286
54620	-8242
54630	9995
54640	-7863
54650	2674
54660	3554
54670	-8400
54680	9982
54690	-7683
54700	2398
54710	3819
54720	-8551
54730	9960
54740	-7498
54750	2121
54760	4080
54770	-8696
54780	9931
54790	-7306
54800	1842
54810	4339
54820	-8833
54830	9894
54840	-7109
54850	1561
54860	4594
54870	-8963
54880	9848
54890	-6905
54900	1279
54910	4845
54920	-9086
54930	9795
54940	-6697
54950	996
54960	5092
54970	-9201
54980	9733
54990	-6482
55000	712
55010	5335
55020	-9309
55030	9664
55040	-6263
55050	427
55060	5574
55070	-9409
55080	9587
55090	-6038
55100	142
55110	5808
55120	-9502
55130	9502
55140	-5808
55150	-142
55160	6038
55170	-9587
55180	9409
55190	-5574
55200	-427
55210	6263
55220	-9664
55230	9309
55240	-5335
55250	-712
55260	6482
55270	-9733
55280	9201
55290	-5092
55300	-996
55310	6697
55320	-9795
55330	9086
55340	-4845
55350	-1279
55360	6905
55370	-9848
55380	8963
55390	-4594
55400	-1561
55410	7109
55420	-9894
55430	8833
55440	-4339
55450	-1842
55460	7306
55470	-9931
55480	8696
55490	-4080
55500	-2121
55510	7498
55520	-9960
55530	8551
55540	-3819
55550	-2398
55560	7683
55570	-9982
55580	8400
55590	-3554
55600	-2674
55610	7863
55620	-9995
55630	8242
55640	-3286
55650	-2948
55660	8035
55670	-10000
55680	8078
55690	-3016
55700	-3219
55710	8202
55720	-9997
55730	7906
55740	-2743
55750	-3487
55760	8361
55770	-9986
55780	7729
55790	-2468
55800	-3753
55810	8514
55820	-9966
55830	7545
55840	-2190
55850	-4015
55860	8660
55870	-9939
55880	7355
55890	-1912
55900	-4275
55910	8799
55920	-9904
55930	7159
55940	-1631
55950	-4530
55960	8931
55970	-9860
55980	6957
55990	-1349
56000	-4783
56010	9056
56020	-9809
56030	6749
56040	-1067
56050	-5031
56060	9173
56070	-9749
56080	6536
56090	-783
56100	-5275
56110	9282
56120	-9682
56130	6318
56140	-498
56150	-5515
56160	9385
56170	-9607
56180	6095
56190	-214
56200	-5750
56210	9479
56220	-9524
56230	5866
56240	71
56250	-5981
56260	9566
56270	-9433
56280	5633
56290	356
56300	-6207
56310	9645
56320	-9335
56330	5396
56340	641
56350	-6428
56360	9717
56370	-9229
56380	5153
56390	925
56400	-6644
56410	9780
56420	-9115
56430	4907
56440	1208
56450	-6854
56460	9835
56470	-8994
56480	4657
56490	1490
56500	-7058
56510	9883
56520	-8866
56530	4403
56540	1772
56550	-7257
56560	9922
56570	-8731
56580	4145
56590	2051
56600	-7450
56610	9954
56620	-8588
56630	3884
56640	2329
56650	-7638
56660	9977
56670	-8439
56680	3620
56690	2605
56700	-7818
56710	9992
56720	-8282
56730	3353
56740	2879
56750	-7993
56760	9999
56770	-8119
56780	3083
56790	3151
56800	-8161
56810	9998
56820	-7950
56830	2811
56840	3420
56850	-8322
56860	9989
56870	-7774
56880	2537
56890	3687
56900	-8477
56910	9972
56920	-7591
56930	2260
56940	3950
56950	-8624
56960	9947
56970	-7403
56980	1981
56990	4210
57000	-8765
57010	9913
57020	-7208
57030	1701
57040	4467
57050	-8899
57060	9872
57070	-7008
57080	1420
57090	4720
57100	-9025
57110	9822
57120	-6802
57130	1137
57140	4969
57150	-9144
57160	9765
57170	-6590
57180	854
57190	5214
57200	-9256
57210	9700
57220	-6373
57230	570
57240	5455
57250	-9360
57260	9626
57270	-6151
57280	285
57290	5692
57300	-9456
57310	9545
57320	-5924
57330	0
57340	5924
57350	-9545
57360	9456
57370	-5692
57380	-285
57390	6151
57400	-9626
57410	9360
57420	-5455
57430	-570
57440	6373
57450	-9700
57460	9256
57470	-5214
57480	-854
57490	6590
57500	-9765
57510	9144
57520	-4969
57530	-1137
57540	6802
57550	-9822
57560	9025
57570	-4720
57580	-1420
57590	7008
57600	-9872
57610	8899
57620	-4467
57630	-1701
57640	7208
57650	-9913
57660	8765
57670	-4210
57680	-1981
57690	7403
57700	-9947
57710	8624
57720	-3950
57730	-2260
57740	7591
57750	-9972
57760	8477
57770	-3687
57780	-2537
57790	7774
57800	-9989
57810	8322
57820	-3420
57830	-2811
57840	7950
57850	-9998
57860	8161
57870	-3151
57880	-3083
57890	8119
57900	-9999
57910	7993
57920	-2879
57930	-3353
57940	8282
57950	-9992
57960	7818
57970	-2605
57980	-3620
57990	8439
58000	-9977
58010	7638
58020	-2329
58030	-3884
58040	8588
58050	-9954
58060	7450
58070	-2051
58080	-4145
58090	8731
58100	-9922
58110	7257
58120	-1772
58130	-4403
58140	8866
58150	-9883
58160	7058
58170	-1490
58180	-4657
58190	8994
58200	-9835
58210	6854
58220	-1208
58230	-4907
58240	9115
58250	-9780
58260	6644
58270	-925
58280	-5153
58290	9229
58300	-9717
58310	6428
58320	-641
58330	-5396
58340	9335
58350	-9645
58360	6207
58370	-356
58380	-5633
58390	9433
58400	-9566
58410	5981
58420	-71
58430	-5866
58440	9524
58450	-9479
58460	5750
58470	214
58480	-6095
58490	9607
58500	-9385
58510	5515
58520	498
58530	-6318
58540	9682
58550	-9282
58560	5275
58570	783
58580	-6536
58590	9749
58600	-9173
58610	5031
58620	1067
58630	-6749
58640	9809
58650	-9056
58660	4783
58670	1349
58680	-6957
58690	9860
58700	-8931
58710	4530
58720	1631
58730	-7159
58740	9904
58750	-8799
58760	4275
58770	1912
58780	-7355
58790	9939
58800	-8660
58810	4015
58820	2190
58830	-7545
58840	9966
58850	-8514
58860	3753
58870	2468
58880	-7729
58890	9986
58900	-8361
58910	3487
58920	2743
58930	-7906
58940	9997
58950	-8202
58960	3219
58970	3016
58980	-8078
58990	10000
59000	-8035
59010	2948
59020	3286
59030	-8242
59040	9995
59050	-7863
59060	2674
59070	3554
59080	-8400
59090	9982
59100	-7683
59110	2398
59120	3819
59130	-8551
59140	9960
59150	-7498
59160	2121
59170	4080
59180	-8696
59190	9931
59200	-7306
59210	1842
59220	4339
59230	-8833
59240	9894
59250	-7109
59260	1561
59270	4594
59280	-8963
59290	9848
59300	-6905
59310	1279
59320	4845
59330	-9086
59340	9795
59350	-6697
59360	996
59370	5092
59380	-9201
59390	9733
59400	-6482
59410	712
59420	5335
59430	-9309
59440	9664
59450	-6263
59460	427
59470	5574
59480	-9409
59490	9587
59500	-6038
59510	142
59520	5808
59530	-9502
59540	9502
59550	-5808
59560	-142
59570	6038
59580	-9587
59590	9409
59600	-5574
59610	-427
59620	6263
59630	-9664
59640	9309
59650	-5335
59660	-712
59670	6482
59680	-9733
59690	9201
59700	-5092
59710	-996
59720	6697
59730	-9795
59740	9086
59750	-4845
59760	-1279
59770	6905
59780	-9848
59790	8963
59800	-4594
59810	-1561
59820	7109
59830	-9894
59840	8833
59850	-4339
59860	-1842
59870	7306
59880	-9931
59890	8696
59900	-4080
59910	-2121
59920	7498
59930	-9960
59940	8551
59950	-3819
59960	-2398
59970	7683
59980	-9982
59990	8400
60000	-3554
60010	-2674
60020	7863
60030	-9995
60040	8242
60050	-3286
60060	-2948
60070	8035
60080	-10000
60090	8078
60100	-3016
60110	-3219
60120	8202
60130	-9997
60140	7906
60150	-2743
60160	-3487
60170	8361
60180	-9986
60190	7729
60200	-2468
60210	-3753
60220	8514
60230	-9966
60240	7545
60250	-2190
60260	-4015
60270	8660
60280	-9939
60290	7355
60300	-1912
60310	-4275
60320	8799
60330	-9904
60340	7159
60350	-1631
60360	-4530
60370	8931
60380	-9860
60390	6957
60400	-1349
60410	-4783
60420	9056
60430	-9809
60440	6749
60450	-1067
60460	-5031
60470	9173
60480	-9749
60490	6536
60500	-783
60510	-5275
60520	9282
60530	-9682
60540	6318
60550	-498
60560	-5515
60570	9385
60580	-9607
60590	6095
60600	-214
60610	-5750
60620	9479
60630	-9524
60640	5866
60650	71
60660	-5981
60670	9566
60680	-9433
60690	5633
60700	356
60710	-6207
60720	9645
60730	-9335
60740	5396
60750	641
60760	-6428
60770	9717
60780	-9229
60790	5153
60800	925
60810	-6644
60820	9780
60830	-9115
60840	4907
60850	1208
60860	-6854
60870	9835
60880	-8994
60890	4657
60900	1490
60910	-7058
60920	9883
60930	-8866
60940	4403
60950	1772
60960	-7257
60970	9922
60980	-8731
60990	4145
61000	2051
61010	-7450
61020	9954
61030	-8588
61040	3884
61050	2329
61060	-7638
61070	9977
61080	-8439
61090	3620
61100	2605
61110	-7818
61120	9992
61130	-8282
61140	3353
61150	2879
61160	-7993
61170	9999
61180	-8119
61190	3083
61200	3151
61210	-8161
61220	9998
61230	-7950
61240	2811
61250	3420
61260	-8322
61270	9989
61280	-7774
61290	2537
61300	3687
61310	-8477
61320	9972
61330	-7591
61340	2260
61350	3950
61360	-8624
61370	9947
61380	-7403
61390	1981
61400	4210
61410	-8765
61420	9913
61430	-7208
61440	1701
61450	4467
61460	-8899
61470	9872
61480	-7008
61490	1420
61500	4720
61510	-9025
61520	9822
61530	-6802
61540	1137
61550	4969
61560	-9144
61570	9765
61580	-6590
61590	854
61600	5214
61610	-9256
61620	9700
61630	-6373
61640	570
61650	5455
61660	-9360
61670	9626
61680	-6151
61690	285
61700	5692
61710	-9456
61720	9545
61730	-5924
61740	0
61750	5924
61760	-9545
61770	9456
61780	-5692
61790	-285
61800	6151
61810	-9626
61820	9360
61830	-5455
61840	-570
61850	6373
61860	-9700
61870	9256
61880	-5214
61890	-854
61900	6590
61910	-9765
61920	9144
61930	-4969
61940	-1137
61950	6802
61960	-9822
61970	9025
61980	-4720
61990	-1420
62000	7008
62010	-9872
62020	8899
62030	-4467
62040	-1701
62050	7208
62060	-9913
62070	8765
62080	-4210
62090	-1981
62100	7403
62110	-9947
62120	8624
62130	-3950
62140	-2260
62150	7591
62160	-9972
62170	8477
62180	-3687
62190	-2537
62200	7774
62210	-9989
62220	8322
62230	-3420
62240	-2811
62250	7950
62260	-9998
62270	8161
62280	-3151
62290	-3083
62300	8119
62310	-9999
62320	7993
62330	-2879
62340	-3353
62350	8282
62360	-9992
62370	7818
62380	-2605
62390	-3620
62400	8439
62410	-9977
62420	7638
62430	-2329
62440	-3884
62450	8588
62460	-9954
62470	7450
62480	-2051
62490	-4145
62500	8731
62510	-9922
62520	7257
62530	-1772
62540	-4403
62550	8866
62560	-9883
62570	7058
62580	-1490
62590	-4657
62600	8994
62610	-9835
62620	6854
62630	-1208
62640	-4907
62650	9115
62660	-9780
62670	6644
62680	-925
62690	-5153
62700	9229
62710	-9717
62720	6428
62730	-641
62740	-5396
62750	9335
62760	-9645
62770	6207
62780	-356
62790	-5633
62800	9433
62810	-9566
62820	5981
62830	-71
62840	-5866
62850	9524
62860	-9479
62870	5750
62880	214
62890	-6095
62900	9607
62910	-9385
62920	5515
62930	498
62940	-6318
62950	9682
62960	-9282
62970	5275
62980	783
62990	-6536
63000	9749
63010	-9173
63020	5031
63030	1067
63040	-6749
63050	9809
63060	-9056
63070	4783
63080	1349
63090	-6957
63100	9860
63110	-8931
63120	4530
63130	1631
63140	-7159
63150	9904
63160	-8799
63170	4275
63180	1912
63190	-7355
63200	9939
63210	-8660
63220	4015
63230	2190
63240	-7545
63250	9966
63260	-8514
63270	3753
63280	2468
63290	-7729
63300	9986
63310	-8361
63320	3487
63330	2743
63340	-7906
63350	9997
63360	-8202
63370	3219
63380	3016
63390	-8078
63400	10000
63410	-8035
63420	2948
63430	3286
63440	-8242
63450	9995
63460	-7863
63470	2674
63480	3554
63490	-8400
63500	9982
63510	-7683
63520	2398
63530	3819
63540	-8551
63550	9960
63560	-7498
63570	2121
63580	4080
63590	-8696
63600	9931
63610	-7306
63620	1842
63630	4339
63640	-8833
63650	9894
63660	-7109
63670	1561
63680	4594
63690	-8963
63700	9848
63710	-6905
63720	1279
63730	4845
63740	-9086
63750	9795
63760	-6697
63770	996
63780	5092
63790	-9201
63800	9733
63810	-6482
63820	712
63830	5335
63840	-9309
63850	9664
63860	-6263
63870	427
63880	5574
63890	-9409
63900	9587
63910	-6038
63920	142
63930	5808
63940	-9502
63950	9502
63960	-5808
63970	-142
63980	6038
63990	-9587
64000	9409
64010	-5574
64020	-427
64030	6263
64040	-9664
64050	9309
64060	-5335
64070	-712
64080	6482
64090	-9733
64100	9201
64110	-5092
64120	-996
64130	6697
64140	-9795
64150	9086
64160	-4845
64170	-1279
64180	6905
64190	-9848
64200	8963
64210	-4594
64220	-1561
64230	7109
64240	-9894
64250	8833
64260	-4339
64270	-1842
64280	7306
64290	-9931
64300	8696
64310	-4080
64320	-2121
64330	7498
64340	-9960
64350	8551
64360	-3819
64370	-2398
64380	7683
64390	-9982
64400	8400
64410	-3554
64420	-2674
64430	7863
64440	-9995
64450	8242
64460	-3286
64470	-2948
64480	8035
64490	-10000
64500	8078
64510	-3016
64520	-3219
64530	8202
64540	-9997
64550	7906
64560	-2743
64570	-3487
64580	8361
64590	-9986
64600	7729
64610	-2468
64620	-3753
64630	8514
64640	-9966
64650	7545
64660	-2190
64670	-4015
64680	8660
64690	-9939
64700	7355
64710	-1912
64720	-4275
64730	8799
64740	-9904
64750	7159
64760	-1631
64770	-4530
64780	8931
64790	-9860
64800	6957
64810	-1349
64820	-4783
64830	9056
64840	-9809
64850	6749
64860	-1067
64870	-5031
64880	9173
64890	-9749
64900	6536
64910	-783
64920	-5275
64930	9282
64940	-9682
64950	6318
64960	-498
64970	-5515
64980	9385
64990	-9607
65000	6095
65010	-214
65020	-5750
65030	9479
65040	-9524
65050	5866
65060	71
65070	-5981
65080	9566
65090	-9433
65100	5633
65110	356
65120	-6207
65130	9645
65140	-9335
65150	5396
65160	641
65170	-6428
65180	9717
65190	-9229
65200	5153
65210	925
65220	-6644
65230	9780
65240	-9115
65250	4907
65260	1208
65270	-6854
65280	9835
65290	-8994
65300	4657
65310	1490
65320	-7058
65330	9883
65340	-8866
65350	4403
65360	1772
65370	-7257
65380	9922
65390	-8731
65400	4145
65410	2051
65420	-7450
65430	9954
65440	-8588
65450	3884
65460	2329
65470	-7638
65480	9977
65490	-8439
65500	3620
65510	2605
65520	-7818
65530	9992
65540	-8282
65550	3353
65560	2879
65570	-7993
65580	9999
65590	-8119
65600	3083
65610	3151
65620	-8161
65630	9998
65640	-7950
65650	2811
65660	3420
65670	-8322
65680	9989
65690	-7774
65700	2537
65710	3687
65720	-8477
65730	9972
65740	-7591
65750	2260
65760	3950
65770	-8624
65780	9947
65790	-7403
65800	1981
65810	4210
65820	-8765
65830	9913
65840	-7208
65850	1701
65860	4467
65870	-8899
65880	9872
65890	-7008
65900	1420
65910	4720
65920	-9025
65930	9822
65940	-6802
65950	1137
65960	4969
65970	-9144
65980	9765
65990	-6590
66000	854
66010	5214
66020	-9256
66030	9700
66040	-6373
66050	570
66060	5455
66070	-9360
66080	9626
66090	-6151
66100	285
66110	5692
66120	-9456
66130	9545
66140	-5924
66150	0
66160	5924
66170	-9545
66180	9456
66190	-5692
66200	-285
66210	6151
66220	-9626
66230	9360
66240	-5455
66250	-570
66260	6373
66270	-9700
66280	9256
66290	-5214
66300	-854
66310	6590
66320	-9765
66330	9144
66340	-4969
66350	-1137
66360	6802
66370	-9822
66380	9025
66390	-4720
66400	-1420
66410	7008
66420	-9872
66430	8899
66440	-4467
66450	-1701
66460	7208
66470	-9913
66480	8765
66490	-4210
66500	-1981
66510	7403
66520	-9947
66530	8624
66540	-3950
66550	-2260
66560	7591
66570	-9972
66580	8477
66590	-3687
66600	-2537
66610	7774
66620	-9989
66630	8322
66640	-3420
66650	-2811
66660	7950
66670	-9998
66680	8161
66690	-3151
66700	-3083
66710	8119
66720	-9999
66730	7993
66740	-2879
66750	-3353
66760	8282
66770	-9992
66780	7818
66790	-2605
66800	-3620
66810	8439
66820	-9977
66830	7638
66840	-2329
66850	-3884
66860	8588
66870	-9954
66880	7450
66890	-2051
66900	-4145
66910	8731
66920	-9922
66930	7257
66940	-1772
66950	-4403
66960	8866
66970	-9883
66980	7058
66990	-1490
67000	-4657
67010	8994
67020	-9835
67030	6854
67040	-1208
67050	-4907
67060	9115
67070	-9780
67080	6644
67090	-925
67100	-5153
67110	9229
67120	-9717
67130	6428
67140	-641
67150	-5396
67160	9335
67170	-9645
67180	6207
67190	-356
67200	-5633
67210	9433
67220	-9566
67230	5981
67240	-71
67250	-5866
67260	9524
67270	-9479
67280	5750
67290	214
67300	-6095
67310	9607
67320	-9385
67330	5515
67340	498
67350	-6318
67360	9682
67370	-9282
67380	5275
67390	783
67400	-6536
67410	9749
67420	-9173
67430	5031
67440	1067
67450	-6749
67460	9809
67470	-9056
67480	4783
67490	1349
67500	-6957
67510	9860
67520	-8931
67530	4530
67540	1631
67550	-7159
67560	9904
67570	-8799
67580	4275
67590	1912
67600	-7355
67610	9939
67620	-8660
67630	4015
67640	2190
67650	-7545
67660	9966
67670	-8514
67680	3753
67690	2468
67700	-7729
67710	9986
67720	-8361
67730	3487
67740	2743
67750	-7906
67760	9997
67770	-8202
67780	3219
67790	3016
67800	-8078
67810	10000
67820	-8035
67830	2948
67840	3286
67850	-8242
67860	9995
67870	-7863
67880	2674
67890	3554
67900	-8400
67910	9982
67920	-7683
67930	2398
67940	3819
67950	-8551
67960	9960
67970	-7498
67980	2121
67990	4080
68000	-8696
68010	9931
68020	-7306
68030	1842
68040	4339
68050	-8833
68060	9894
68070	-7109
68080	1561
68090	4594
68100	-8963
68110	9848
68120	-6905
68130	1279
68140	4845
68150	-9086
68160	9795
68170	-6697
68180	996
68190	5092
68200	-9201
68210	9733
68220	-6482
68230	712
68240	5335
68250	-9309
68260	9664
68270	-6263
68280	427
68290	5574
68300	-9409
68310	9587
68320	-6038
68330	142
68340	5808
68350	-9502
68360	9502
68370	-5808
68380	-142
68390	6038
68400	-9587
68410	9409
68420	-5574
68430	-427
68440	6263
68450	-9664
68460	9309
68470	-5335
68480	-712
68490	6482
68500	-9733
68510	9201
68520	-5092
68530	-996
68540	6697
68550	-9795
68560	9086
68570	-4845
68580	-1279
68590	6905
68600	-9848
68610	8963
68620	-4594
68630	-1561
68640	7109
68650	-9894
68660	8833
68670	-4339
68680	-1842
68690	7306
68700	-9931
68710	8696
68720	-4080
68730	-2121
68740	7498
68750	-9960
68760	8551
68770	-3819
68780	-2398
68790	7683
68800	-9982
68810	8400
68820	-3554
68830	-2674
68840	7863
68850	-9995
68860	8242
68870	-3286
68880	-2948
68890	8035
68900	-10000
68910	8078
68920	-3016
68930	-3219
68940	8202
68950	-9997
68960	7906
68970	-2743
68980	-3487
68990	8361
69000	-9986
69010	7729
69020	-2468
69030	-3753
69040	8514
69050	-9966
69060	7545
69070	-2190
69080	-4015
69090	8660
69100	-9939
69110	7355
69120	-1912
69130	-4275
69140	8799
69150	-9904
69160	7159
69170	-1631
69180	-4530
69190	8931
69200	-9860
69210	6957
69220	-1349
69230	-4783
69240	9056
69250	-9809
69260	6749
69270	-1067
69280	-5031
69290	9173
69300	-9749
69310	6536
69320	-783
69330	-5275
69340	9282
69350	-9682
69360	6318
69370	-498
69380	-5515
69390	9385
69400	-9607
69410	6095
69420	-214
69430	-5750
69440	9479
69450	-9524
69460	5866
69470	71
69480	-5981
69490	9566
69500	-9433
69510	5633
69520	356
69530	-6207
69540	9645
69550	-9335
69560	5396
69570	641
69580	-6428
69590	9717
69600	-9229
69610	5153
69620	925
69630	-6644
69640	9780
69650	-9115
69660	4907
69670	1208
69680	-6854
69690	9835
69700	-8994
69710	4657
69720	1490
69730	-7058
69740	9883
69750	-8866
69760	4403
69770	1772
69780	-7257
69790	9922
69800	-8731
69810	4145
69820	2051
69830	-7450
69840	9954
69850	-8588
69860	3884
69870	2329
69880	-7638
69890	9977
69900	-8439
69910	3620
69920	2605
69930	-7818
69940	9992
69950	-8282
69960	3353
69970	2879
69980	-7993
69990	9999
70000	-8119
70010	3083
70020	3151
70030	-8161
70040	9998
70050	-7950
70060	2811
70070	3420
70080	-8322
70090	9989
70100	-7774
70110	2537
70120	3687
70130	-8477
70140	9972
70150	-7591
70160	2260
70170	3950
70180	-8624
70190	9947
70200	-7403
70210	1981
70220	4210
70230	-8765
70240	9913
70250	-7208
70260	1701
70270	4467
70280	-8899
70290	9872
70300	-7008
70310	1420
70320	4720
70330	-9025
70340	9822
70350	-6802
70360	1137
70370	4969
70380	-9144
70390	9765
70400	-6590
70410	854
70420	5214
70430	-9256
70440	9700
70450	-6373
70460	570
70470	5455
70480	-9360
70490	9626
70500	-6151
70510	285
70520	5692
70530	-9456
70540	9545
70550	-5924
70560	0
70570	5924
70580	-9545
70590	9456
70600	-5692
70610	-285
70620	6151
70630	-9626
70640	9360
70650	-5455
70660	-570
70670	6373
70680	-9700
70690	9256
70700	-5214
70710	-854
70720	6590
70730	-9765
70740	9144
70750	-4969
70760	-1137
70770	6802
70780	-9822
70790	9025
70800	-4720
70810	-1420
70820	7008
70830	-9872
70840	8899
70850	-4467
70860	-1701
70870	7208
70880	-9913
70890	8765
70900	-4210
70910	-1981
70920	7403
70930	-9947
70940	8624
70950	-3950
70960	-2260
70970	7591
70980	-9972
70990	8477
71000	-3687
71010	-2537
71020	7774
71030	-9989
71040	8322
71050	-3420
71060	-2811
71070	7950
71080	-9998
71090	8161
71100	-3151
71110	-3083
71120	8119
71130	-9999
71140	7993
71150	-2879
71160	-3353
71170	8282
71180	-9992
71190	7818
71200	-2605
71210	-3620
71220	8439
71230	-9977
71240	7638
71250	-2329
71260	-3884
71270	8588
71280	-9954
71290	7450
71300	-2051
71310	-4145
71320	8731
71330	-9922
71340	7257
71350	-1772
71360	-4403
71370	8866
71380	-9883
71390	7058
71400	-1490
71410	-4657
71420	8994
71430	-9835
71440	6854
71450	-1208
71460	-4907
71470	9115
71480	-9780
71490	6644
71500	-925
71510	-5153
71520	9229
71530	-9717
71540	6428
71550	-641
71560	-5396
71570	9335
71580	-9645
71590	6207
71600	-356
71610	-5633
71620	9433
71630	-9566
71640	5981
71650	-71
71660	-5866
71670	9524
71680	-9479
71690	5750
71700	214
71710	-6095
71720	9607
71730	-9385
71740	5515
71750	498
71760	-6318
71770	9682
71780	-9282
71790	5275
71800	783
71810	-6536
71820	9749
71830	-9173
71840	5031
71850	1067
71860	-6749
71870	9809
71880	-9056
71890	4783
71900	1349
71910	-6957
71920	9860
71930	-8931
71940	4530
71950	1631
71960	-7159
71970	9904
71980	-8799
71990	4275
72000	1912
72010	-7355
72020	9939
72030	-8660
72040	4015
72050	2190
72060	-7545
72070	9966
72080	-8514
72090	3753
72100	2468
72110	-7729
72120	9986
72130	-8361
72140	3487
72150	2743
72160	-7906
72170	9997
72180	-8202
72190	3219
72200	3016
72210	-8078
72220	10000
72230	-8035
72240	2948
72250	3286
72260	-8242
72270	9995
72280	-7863
72290	2674
72300	3554
72310	-8400
72320	9982
72330	-7683
72340	2398
72350	3819
72360	-8551
72370	9960
72380	-7498
72390	2121
72400	4080
72410	-8696
72420	9931
72430	-7306
72440	1842
72450	4339
72460	-8833
72470	9894
72480	-7109
72490	1561
72500	4594
72510	-8963
72520	9848
72530	-6905
72540	1279
72550	4845
72560	-9086
72570	9795
72580	-6697
72590	996
72600	5092
72610	-9201
72620	9733
72630	-6482
72640	712
72650	5335
72660	-9309
72670	9664
72680	-6263
72690	427
72700	5574
72710	-9409
72720	9587
72730	-6038
72740	142
72750	5808
72760	-9502
72770	9502
72780	-5808
72790	-142
72800	6038
72810	-9587
72820	9409
72830	-5574
72840	-427
72850	6263
72860	-9664
72870	9309
72880	-5335
72890	-712
72900	6482
72910	-9733
72920	9201
72930	-5092
72940	-996
72950	6697
72960	-9795
72970	9086
72980	-4845
72990	-1279
73000	6905
73010	-9848
73020	8963
73030	-4594
73040	-1561
73050	7109
73060	-9894
73070	8833
73080	-4339
73090	-1842
73100	7306
73110	-9931
73120	8696
73130	-4080
73140	-2121
73150	7498
73160	-9960
73170	8551
73180	-3819
73190	-2398
73200	7683
73210	-9982
73220	8400
73230	-3554
73240	-2674
73250	7863
73260	-9995
73270	8242
73280	-3286
73290	-2948
73300	8035
73310	-10000
73320	8078
73330	-3016
73340	-3219
73350	8202
73360	-9997
73370	7906
73380	-2743
73390	-3487
73400	8361
73410	-9986
73420	7729
73430	-2468
73440	-3753
73450	8514
73460	-9966
73470	7545
73480	-2190
73490	-4015
73500	8660
73510	-9939
73520	7355
73530	-1912
73540	-4275
73550	8799
73560	-9904
73570	7159
73580	-1631
73590	-4530
73600	8931
73610	-9860
73620	6957
73630	-1349
73640	-4783
73650	9056
73660	-9809
73670	6749
73680	-1067
73690	-5031
73700	9173
73710	-9749
73720	6536
73730	-783
73740	-5275
73750	9282
73760	-9682
73770	6318
73780	-498
73790	-5515
73800	9385
73810	-9607
73820	6095
73830	-214
73840	-5750
73850	9479
73860	-9524
73870	5866
73880	71
73890	-5981
73900	9566
73910	-9433
73920	5633
73930	356
73940	-6207
73950	9645
73960	-9335
73970	5396
73980	641
73990	-6428
74000	9717
74010	-9229
74020	5153
74030	925
74040	-6644
74050	9780
74060	-9115
74070	4907
74080	1208
74090	-6854
74100	9835
74110	-8994
74120	4657
74130	1490
74140	-7058
74150	9883
74160	-8866
74170	4403
74180	1772
74190	-7257
74200	9922
74210	-8731
74220	4145
74230	2051
74240	-7450
74250	9954
74260	-8588
74270	3884
74280	2329
74290	-7638
74300	9977
74310	-8439
74320	3620
74330	2605
74340	-7818
74350	9992
74360	-8282
74370	3353
74380	2879
74390	-7993
74400	9999
74410	-8119
74420	3083
74430	3151
74440	-8161
74450	9998
74460	-7950
74470	2811
74480	3420
74490	-8322
74500	9989
74510	-7774
74520	2537
74530	3687
74540	-8477
74550	9972
74560	-7591
74570	2260
74580	3950
74590	-8624
74600	9947
74610	-7403
74620	1981
74630	4210
74640	-8765
74650	9913
74660	-7208
74670	1701
74680	4467
74690	-8899
74700	9872
74710	-7008
74720	1420
74730	4720
74740	-9025
74750	9822
74760	-6802
74770	1137
74780	4969
74790	-9144
74800	9765
74810	-6590
74820	854
74830	5214
74840	-9256
74850	9700
74860	-6373
74870	570
74880	5455
74890	-9360
74900	9626
74910	-6151
74920	285
74930	5692
74940	-9456
74950	9545
74960	-5924
74970	0
74980	5924
74990	-9545
75000	9456
75010	-5692
75020	-285
75030	6151
75040	-9626
75050	9360
75060	-5455
75070	-570
75080	6373
75090	-9700
75100	9256
75110	-5214
75120	-854
75130	6590
75140	-9765
75150	9144
75160	-4969
75170	-1137
75180	6802
75190	-9822
75200	9025
75210	-4720
75220	-1420
75230	7008
75240	-9872
75250	8899
75260	-4467
75270	-1701
75280	7208
75290	-9913
75300	8765
75310	-4210
75320	-1981
75330	7403
75340	-9947
75350	8624
75360	-3950
75370	-2260
75380	7591
75390	-9972
75400	8477
75410	-3687
75420	-2537
75430	7774
75440	-9989
75450	8322
75460	-3420
75470	-2811
75480	7950
75490	-9998
75500	8161
75510	-3151
75520	-3083
75530	8119
75540	-9999
75550	7993
75560	-2879
75570	-3353
75580	8282
75590	-9992
75600	7818
75610	-2605
75620	-3620
75630	8439
75640	-9977
75650	7638
75660	-2329
75670	-3884
75680	8588
75690	-9954
75700	7450
75710	-2051
75720	-4145
75730	8731
75740	-9922
75750	7257
75760	-1772
75770	-4403
75780	8866
75790	-9883
75800	7058
75810	-1490
75820	-4657
75830	8994
75840	-9835
75850	6854
75860	-1208
75870	-4907
75880	9115
75890	-9780
75900	6644
75910	-925
75920	-5153
75930	9229
75940	-9717
75950	6428
75960	-641
75970	-5396
75980	9335
75990	-9645
76000	6207
76010	-356
76020	-5633
76030	9433
76040	-9566
76050	5981
76060	-71
76070	-5866
76080	9524
76090	-9479
76100	5750
76110	214
76120	-6095
76130	9607
76140	-9385
76150	5515
76160	498
76170	-6318
76180	9682
76190	-9282
76200	5275
76210	783
76220	-6536
76230	9749
76240	-9173
76250	5031
76260	1067
76270	-6749
76280	9809
76290	-9056
76300	4783
76310	1349
76320	-6957
76330	9860
76340	-8931
76350	4530
76360	1631
76370	-7159
76380	9904
76390	-8799
76400	4275
76410	1912
76420	-7355
76430	9939
76440	-8660
76450	4015
76460	2190
76470	-7545
76480	9966
76490	-8514
76500	3753
76510	2468
76520	-7729
76530	9986
76540	-8361
76550	3487
76560	2743
76570	-7906
76580	9997
76590	-8202
76600	3219
76610	3016
76620	-8078
76630	10000
76640	-8035
76650	2948
76660	3286
76670	-8242
76680	9995
76690	-7863
76700	2674
76710	3554
76720	-8400
76730	9982
76740	-7683
76750	2398
76760	3819
76770	-8551
76780	9960
76790	-7498
76800	2121
76810	4080
76820	-8696
76830	9931
76840	-7306
76850	1842
76860	4339
76870	-8833
76880	9894
76890	-7109
76900	1561
76910	4594
76920	-8963
76930	9848
76940	-6905
76950	1279
76960	4845
76970	-9086
76980	9795
76990	-6697
77000	996
77010	5092
77020	-9201
77030	9733
77040	-6482
77050	712
77060	5335
77070	-9309
77080	9664
77090	-6263
77100	427
77110	5574
77120	-9409
77130	9587
77140	-6038
77150	142
77160	5808
77170	-9502
77180	9502
77190	-5808
77200	-142
77210	6038
77220	-9587
77230	9409
77240	-5574
77250	-427
77260	6263
77270	-9664
77280	9309
77290	-5335
77300	-712
77310	6482
77320	-9733
77330	9201
77340	-5092
77350	-996
77360	6697
77370	-9795
77380	9086
77390	-4845
77400	-1279
77410	6905
77420	-9848
77430	8963
77440	-4594
77450	-1561
77460	7109
77470	-9894
77480	8833
77490	-4339
77500	-1842
77510	7306
77520	-9931
77530	8696
77540	-4080
77550	-2121
77560	7498
77570	-9960
77580	8551
77590	-3819
77600	-2398
77610	7683
77620	-9982
77630	8400
77640	-3554
77650	-2674
77660	7863
77670	-9995
77680	8242
77690	-3286
77700	-2948
77710	8035
77720	-10000
77730	8078
77740	-3016
77750	-3219
77760	8202
77770	-9997
77780	7906
77790	-2743
77800	-3487
77810	8361
77820	-9986
77830	7729
77840	-2468
77850	-3753
77860	8514
77870	-9966
77880	7545
77890	-2190
77900	-4015
77910	8660
77920	-9939
77930	7355
77940	-1912
77950	-4275
77960	8799
77970	-9904
77980	7159
77990	-1631
78000	-4530
78010	8931
78020	-9860
78030	6957
78040	-1349
78050	-4783
78060	9056
78070	-9809
78080	6749
78090	-1067
78100	-5031
78110	9173
78120	-9749
78130	6536
78140	-783
78150	-5275
78160	9282
78170	-9682
78180	6318
78190	-498
78200	-5515
78210	9385
78220	-9607
78230	6095
78240	-214
78250	-5750
78260	9479
78270	-9524
78280	5866
78290	71
78300	-5981
78310	9566
78320	-9433
78330	5633
78340	356
78350	-6207
78360	9645
78370	-9335
78380	5396
78390	641
78400	-6428
78410	9717
78420	-9229
78430	5153
78440	925
78450	-6644
78460	9780
78470	-9115
78480	4907
78490	1208
78500	-6854
78510	9835
78520	-8994
78530	4657
78540	1490
78550	-7058
78560	9883
78570	-8866
78580	4403
78590	1772
78600	-7257
78610	9922
78620	-8731
78630	4145
78640	2051
78650	-7450
78660	9954
78670	-8588
78680	3884
78690	2329
78700	-7638
78710	9977
78720	-8439
78730	3620
78740	2605
78750	-7818
78760	9992
78770	-8282
78780	3353
78790	2879
78800	-7993
78810	9999
78820	-8119
78830	3083
78840	3151
78850	-8161
78860	9998
78870	-7950
78880	2811
78890	3420
78900	-8322
78910	9989
78920	-7774
78930	2537
78940	3687
78950	-8477
78960	9972
78970	-7591
78980	2260
78990	3950
79000	-8624
79010	9947
79020	-7403
79030	1981
79040	4210
79050	-8765
79060	9913
79070	-7208
79080	1701
79090	4467
79100	-8899
79110	9872
79120	-7008
79130	1420
79140	4720
79150	-9025
79160	9822
79170	-6802
79180	1137
79190	4969
79200	-9144
79210	9765
79220	-6590
79230	854
79240	5214
79250	-9256
79260	9700
79270	-6373
79280	570
79290	5455
79300	-9360
79310	9626
79320	-6151
79330	285
79340	5692
79350	-9456
79360	9545
79370	-5924
79380	0
79390	5924
79400	-9545
79410	9456
79420	-5692
79430	-285
79440	6151
79450	-9626
79460	9360
79470	-5455
79480	-570
79490	6373
79500	-9700
79510	9256
79520	-5214
79530	-854
79540	6590
79550	-9765
79560	9144
79570	-4969
79580	-1137
79590	6802
79600	-9822
79610	9025
79620	-4720
79630	-1420
79640	7008
79650	-9872
79660	8899
79670	-4467
79680	-1701
79690	7208
79700	-9913
79710	8765
79720	-4210
79730	-1981
79740	7403
79750	-9947
79760	8624
79770	-3950
79780	-2260
79790	7591
79800	-9972
79810	8477
79820	-3687
79830	-2537
79840	7774
79850	-9989
79860	8322
79870	-3420
79880	-2811
79890	7950
79900	-9998
79910	8161
79920	-3151
79930	-3083
79940	8119
79950	-9999
79960	7993
79970	-2879
79980	-3353
79990	8282
80000	-9992
80010	7818
80020	-2605
80030	-3620
80040	8439
80050	-9977
80060	7638
80070	-2329
80080	-3884
80090	8588
80100	-9954
80110	7450
80120	-2051
80130	-4145
80140	8731
80150	-9922
80160	7257
80170	-1772
80180	-4403
80190	8866
80200	-9883
80210	7058
80220	-1490
80230	-4657
80240	8994
80250	-9835
80260	6854
80270	-1208
80280	-4907
80290	9115
80300	-9780
80310	6644
80320	-925
80330	-5153
80340	9229
80350	-9717
80360	6428
80370	-641
80380	-5396
80390	9335
80400	-9645
80410	6207
80420	-356
80430	-5633
80440	9433
80450	-9566
80460	5981
80470	-71
80480	-5866
80490	9524
80500	-9479
80510	5750
80520	214
80530	-6095
80540	9607
80550	-9385
80560	5515
80570	498
80580	-6318
80590	9682
80600	-9282
80610	5275
80620	783
80630	-6536
80640	9749
80650	-9173
80660	5031
80670	1067
80680	-6749
80690	9809
80700	-9056
80710	4783
80720	1349
80730	-6957
80740	9860
80750	-8931
80760	4530
80770	1631
80780	-7159
80790	9904
80800	-8799
80810	4275
80820	1912
80830	-7355
80840	9939
80850	-8660
80860	4015
80870	2190
80880	-7545
80890	9966
80900	-8514
80910	3753
80920	2468
80930	-7729
80940	9986
80950	-8361
80960	3487
80970	2743
80980	-7906
80990	9997
81000	-8202
81010	3219
81020	3016
81030	-8078
81040	10000
81050	-8035
81060	2948
81070	3286
81080	-8242
81090	9995
81100	-7863
81110	2674
81120	3554
81130	-8400
81140	9982
81150	-7683
81160	2398
81170	3819
81180	-8551
81190	9960
81200	-7498
81210	2121
81220	4080
81230	-8696
81240	9931
81250	-7306
81260	1842
81270	4339
81280	-8833
81290	9894
81300	-7109
81310	1561
81320	4594
81330	-8963
81340	9848
81350	-6905
81360	1279
81370	4845
81380	-9086
81390	9795
81400	-6697
81410	996
81420	5092
81430	-9201
81440	9733
81450	-6482
81460	712
81470	5335
81480	-9309
81490	9664
81500	-6263
81510	427
81520	5574
81530	-9409
81540	9587
81550	-6038
81560	142
81570	5808
81580	-9502
81590	9502
81600	-5808
81610	-142
81620	6038
81630	-9587
81640	9409
81650	-5574
81660	-427
81670	6263
81680	-9664
81690	9309
81700	-5335
81710	-712
81720	6482
81730	-9733
81740	9201
81750	-5092
81760	-996
81770	6697
81780	-9795
81790	9086
81800	-4845
81810	-1279
81820	6905
81830	-9848
81840	8963
81850	-4594
81860	-1561
81870	7109
81880	-9894
81890	8833
81900	-4339
81910	-1842
81920	7306
81930	-9931
81940	8696
81950	-4080
81960	-2121
81970	7498
81980	-9960
81990	8551
82000	-3819
82010	-2398
82020	7683
82030	-9982
82040	8400
82050	-3554
82060	-2674
82070	7863
82080	-9995
82090	8242
82100	-3286
82110	-2948
82120	8035
82130	-10000
82140	8078
82150	-3016
82160	-3219
82170	8202
82180	-9997
82190	7906
82200	-2743
82210	-3487
82220	8361
82230	-9986
82240	7729
82250	-2468
82260	-3753
82270	8514
82280	-9966
82290	7545
82300	-2190
82310	-4015
82320	8660
82330	-9939
82340	7355
82350	-1912
82360	-4275
82370	8799
82380	-9904
82390	7159
82400	-1631
82410	-4530
82420	8931
82430	-9860
82440	6957
82450	-1349
82460	-4783
82470	9056
82480	-9809
82490	6749
82500	-1067
82510	-5031
82520	9173
82530	-9749
82540	6536
82550	-783
82560	-5275
82570	9282
82580	-9682
82590	6318
82600	-498
82610	-5515
82620	9385
82630	-9607
82640	6095
82650	-214
82660	-5750
82670	9479
82680	-9524
82690	5866
82700	71
82710	-5981
82720	9566
82730	-9433
82740	5633
82750	356
82760	-6207
82770	9645
82780	-9335
82790	5396
82800	641
82810	-6428
82820	9717
82830	-9229
82840	5153
82850	925
82860	-6644
82870	9780
82880	-9115
82890	4907
82900	1208
82910	-6854
82920	9835
82930	-8994
82940	4657
82950	1490
82960	-7058
82970	9883
82980	-8866
82990	4403
83000	1772
83010	-7257
83020	9922
83030	-8731
83040	4145
83050	2051
83060	-7450
83070	9954
83080	-8588
83090	3884
83100	2329
83110	-7638
83120	9977
83130	-8439
83140	3620
83150	2605
83160	-7818
83170	9992
83180	-8282
83190	3353
83200	2879
83210	-7993
83220	9999
83230	-8119
83240	3083
83250	3151
83260	-8161
83270	9998
83280	-7950
83290	2811
83300	3420
83310	-8322
83320	9989
83330	-7774
83340	2537
83350	3687
83360	-8477
83370	9972
83380	-7591
83390	2260
83400	3950
83410	-8624
83420	9947
83430	-7403
83440	1981
83450	4210
83460	-8765
83470	9913
83480	-7208
83490	1701
83500	4467
83510	-8899
83520	9872
83530	-7008
83540	1420
83550	4720
83560	-9025
83570	9822
83580	-6802
83590	1137
83600	4969
83610	-9144
83620	9765
83630	-6590
83640	854
83650	5214
83660	-9256
83670	9700
83680	-6373
83690	570
83700	5455
83710	-9360
83720	9626
83730	-6151
83740	285
83750	5692
83760	-9456
83770	9545
83780	-5924
83790	0
83800	5924
83810	-9545
83820	9456
83830	-5692
83840	-285
83850	6151
83860	-9626
83870	9360
83880	-5455
83890	-570
83900	6373
83910	-9700
83920	9256
83930	-5214
83940	-854
83950	6590
83960	-9765
83970	9144
83980	-4969
83990	-1137
84000	6802
84010	-9822
84020	9025
84030	-4720
84040	-1420
84050	7008
84060	-9872
84070	8899
84080	-4467
84090	-1701
84100	7208
84110	-9913
84120	8765
84130	-4210
84140	-1981
84150	7403
84160	-9947
84170	8624
84180	-3950
84190	-2260
84200	7591
84210	-9972
84220	8477
84230	-3687
84240	-2537
84250	7774
84260	-9989
84270	8322
84280	-3420
84290	-2811
84300	7950
84310	-9998
84320	8161
84330	-3151
84340	-3083
84350	8119
84360	-9999
84370	7993
84380	-2879
84390	-3353
84400	8282
84410	-9992
84420	7818
84430	-2605
84440	-3620
84450	8439
84460	-9977
84470	7638
84480	-2329
84490	-3884
84500	8588
84510	-9954
84520	7450
84530	-2051
84540	-4145
84550	8731
84560	-9922
84570	7257
84580	-1772
84590	-4403
84600	8866
84610	-9883
84620	7058
84630	-1490
84640	-4657
84650	8994
84660	-9835
84670	6854
84680	-1208
84690	-4907
84700	9115
84710	-9780
84720	6644
84730	-925
84740	-5153
84750	9229
84760	-9717
84770	6428
84780	-641
84790	-5396
84800	9335
84810	-9645
84820	6207
84830	-356
84840	-5633
84850	9433
84860	-9566
84870	5981
84880	-71
84890	-5866
84900	9524
84910	-9479
84920	5750
84930	214
84940	-6095
84950	9607
84960	-9385
84970	5515
84980	498
84990	-6318
85000	9682
85010	-9282
85020	5275
85030	783
85040	-6536
85050	9749
85060	-9173
85070	5031
85080	1067
85090	-6749
85100	9809
85110	-9056
85120	4783
85130	1349
85140	-6957
85150	9860
85160	-8931
85170	4530
85180	1631
85190	-7159
85200	9904
85210	-8799
85220	4275
85230	1912
85240	-7355
85250	9939
85260	-8660
85270	4015
85280	2190
85290	-7545
85300	9966
85310	-8514
85320	3753
85330	2468
85340	-7729
85350	9986
85360	-8361
85370	3487
85380	2743
85390	-7906
85400	9997
85410	-8202
85420	3219
85430	3016
85440	-8078
85450	10000
85460	-8035
85470	2948
85480	3286
85490	-8242
85500	9995
85510	-7863
85520	2674
85530	3554
85540	-8400
85550	9982
85560	-7683
85570	2398
85580	3819
85590	-8551
85600	9960
85610	-7498
85620	2121
85630	4080
85640	-8696
85650	9931
85660	-7306
85670	1842
85680	4339
85690	-8833
85700	9894
85710	-7109
85720	1561
85730	4594
85740	-8963
85750	9848
85760	-6905
85770	1279
85780	4845
85790	-9086
85800	9795
85810	-6697
85820	996
85830	5092
85840	-9201
85850	9733
85860	-6482
85870	712
85880	5335
85890	-9309
85900	9664
85910	-6263
85920	427
85930	5574
85940	-9409
85950	9587
85960	-6038
85970	142
85980	5808
85990	-9502
86000	9502
86010	-5808
86020	-142
86030	6038
86040	-9587
86050	9409
86060	-5574
86070	-427
86080	6263
86090	-9664
86100	9309
86110	-5335
86120	-712
86130	6482
86140	-9733
86150	9201
86160	-5092
86170	-996
86180	6697
86190	-9795
86200	9086
86210	-4845
86220	-1279
86230	6905
86240	-9848
86250	8963
86260	-4594
86270	-1561
86280	7109
86290	-9894
86300	8833
86310	-4339
86320	-1842
86330	7306
86340	-9931
86350	8696
86360	-4080
86370	-2121
86380	7498
86390	-9960
86400	8551
86410	-3819
86420	-2398
86430	7683
86440	-9982
86450	8400
86460	-3554
86470	-2674
86480	7863
86490	-9995
86500	8242
86510	-3286
86520	-2948
86530	8035
86540	-10000
86550	8078
86560	-3016
86570	-3219
86580	8202
86590	-9997
86600	7906
86610	-2743
86620	-3487
86630	8361
86640	-9986
86650	7729
86660	-2468
86670	-3753
86680	8514
86690	-9966
86700	7545
86710	-2190
86720	-4015
86730	8660
86740	-9939
86750	7355
86760	-1912
86770	-4275
86780	8799
86790	-9904
86800	7159
86810	-1631
86820	-4530
86830	8931
86840	-9860
86850	6957
86860	-1349
86870	-4783
86880	9056
86890	-9809
86900	6749
86910	-1067
86920	-5031
86930	9173
86940	-9749
86950	6536
86960	-783
86970	-5275
86980	9282
86990	-9682
87000	6318
87010	-498
87020	-5515
87030	9385
87040	-9607
87050	6095
87060	-214
87070	-5750
87080	9479
87090	-9524
87100	5866
87110	71
87120	-5981
87130	9566
87140	-9433
87150	5633
87160	356
87170	-6207
87180	9645
87190	-9335
87200	5396
87210	641
87220	-6428
87230	9717
87240	-9229
87250	5153
87260	925
87270	-6644
87280	9780
87290	-9115
87300	4907
87310	1208
87320	-6854
87330	9835
87340	-8994
87350	4657
87360	1490
87370	-7058
87380	9883
87390	-8866
87400	4403
87410	1772
87420	-7257
87430	9922
87440	-8731
87450	4145
87460	2051
87470	-7450
87480	9954
87490	-8588
87500	3884
87510	2329
87520	-7638
87530	9977
87540	-8439
87550	3620
87560	2605
87570	-7818
87580	9992
87590	-8282
87600	3353
87610	2879
87620	-7993
87630	9999
87640	-8119
87650	3083
87660	3151
87670	-8161
87680	9998
87690	-7950
87700	2811
87710	3420
87720	-8322
87730	9989
87740	-7774
87750	2537
87760	3687
87770	-8477
87780	9972
87790	-7591
87800	2260
87810	3950
87820	-8624
87830	9947
87840	-7403
87850	1981
87860	4210
87870	-8765
87880	9913
87890	-7208
87900	1701
87910	4467
87920	-8899
87930	9872
87940	-7008
87950	1420
87960	4720
87970	-9025
87980	9822
87990	-6802
88000	1137
88010	4969
88020	-9144
88030	9765
88040	-6590
88050	854
88060	5214
88070	-9256
88080	9700
88090	-6373
88100	570
88110	5455
88120	-9360
88130	9626
88140	-6151
88150	285
88160	5692
88170	-9456
88180	9545
88190	-5924
