0	0
15	-5808
30	9456
45	-9587
60	6151
75	-427
90	-5455
105	9309
120	-9700
135	6482
150	-854
165	-5092
180	9144
195	-9795
210	6802
225	-1279
240	-4720
255	8963
270	-9872
285	7109
300	-1701
315	-4339
330	8765
345	-9931
360	7403
375	-2121
390	-3950
405	8551
420	-9972
435	7683
450	-2537
465	-3554
480	8322
495	-9995
510	-2811
525	-3286
540	8161
555	-10000
570	8119
585	-3219
600	-2879
615	7906
630	-9992
645	8361
660	-3620
675	-2468
690	7638
705	-9966
720	8588
735	-4015
750	-2051
765	7355
780	-9922
795	8799
810	-4403
825	-1631
840	7058
855	-9860
870	8994
885	-4783
900	-1208
915	6749
930	-9780
945	9173
960	-5153
975	-783
990	6428
1005	-9682
1020	-5396
1035	-498
1050	6207
1065	-9607
1080	9433
1095	-5750
1110	-71
1125	5866
1140	-9479
1155	9566
1170	-6095
1185	356
1200	5515
1215	-9335
1230	9682
1245	-6428
1260	783
1275	5153
1290	-9173
1305	9780
1320	-6749
1335	1208
1350	4783
1365	-8994
1380	9860
1395	-7058
1410	1631
1425	4403
1440	-8799
1455	9922
1470	-7355
1485	2051
1500	4015
1515	-8588
1530	-7545
1545	2329
1560	3753
1575	-8439
1590	9986
1605	-7818
1620	2743
1635	3353
1650	-8202
1665	9999
1680	-8078
1695	3151
1710	2948
1725	-7950
1740	9995
1755	-8322
1770	3554
1785	2537
1800	-7683
1815	9972
1830	-8551
1845	3950
1860	2121
1875	-7403
1890	9931
1905	-8765
1920	4339
1935	1701
1950	-7109
1965	9872
1980	-8963
1995	4720
2010	1279
2025	-6802
2040	-9086
2055	4969
2070	996
2085	-6590
2100	9733
2115	-9256
2130	5335
2145	570
2160	-6263
2175	9626
2190	-9409
2205	5692
2220	142
2235	-5924
2250	9502
2265	-9545
2280	6038
2295	-285
2310	-5574
2325	9360
2340	-9664
2355	6373
2370	-712
2385	-5214
2400	9201
2415	-9765
2430	6697
2445	-1137
2460	-4845
2475	9025
2490	-9848
2505	7008
2520	-1561
2535	-4467
2550	-9894
2565	7208
2580	-1842
2595	-4210
2610	8696
2625	-9947
2640	7498
2655	-2260
2670	-3819
2685	8477
2700	-9982
2715	7774
2730	-2674
2745	-3420
2760	8242
2775	-9998
2790	8035
2805	-3083
2820	-3016
2835	7993
2850	-9997
2865	8282
2880	-3487
2895	-2605
2910	7729
2925	-9977
2940	8514
2955	-3884
2970	-2190
2985	7450
3000	-9939
3015	8731
3030	-4275
3045	-1772
3060	-9904
3075	8866
3090	-4530
3105	-1490
3120	6957
3135	-9835
3150	9056
3165	-4907
3180	-1067
3195	6644
3210	-9749
3225	9229
3240	-5275
3255	-641
3270	6318
3285	-9645
3300	9385
3315	-5633
3330	-214
3345	5981
3360	-9524
3375	9524
3390	-5981
3405	214
3420	5633
3435	-9385
3450	9645
3465	-6318
3480	641
3495	5275
3510	-9229
3525	9749
3540	-6644
3555	1067
3570	-9115
3585	9809
3600	-6854
3615	1349
3630	4657
3645	-8931
3660	9883
3675	-7159
3690	1772
3705	4275
3720	-8731
3735	9939
3750	-7450
3765	2190
3780	3884
3795	-8514
3810	9977
3825	-7729
3840	2605
3855	3487
3870	-8282
3885	9997
3900	-7993
3915	3016
3930	3083
3945	-8035
3960	9998
3975	-8242
3990	3420
4005	2674
4020	-7774
4035	9982
4050	-8477
4065	3819
4080	-7591
4095	9960
4110	-8624
4125	4080
4140	1981
4155	-7306
4170	9913
4185	-8833
4200	4467
4215	1561
4230	-7008
4245	9848
4260	-9025
4275	4845
4290	1137
4305	-6697
4320	9765
4335	-9201
4350	5214
4365	712
4380	-6373
4395	9664
4410	-9360
4425	5574
4440	285
4455	-6038
4470	9545
4485	-9502
4500	5924
4515	-142
4530	-5692
4545	9409
4560	-9626
4575	6263
4590	-5455
4605	9309
4620	-9700
4635	6482
4650	-854
4665	-5092
4680	9144
4695	-9795
4710	6802
4725	-1279
4740	-4720
4755	8963
4770	-9872
4785	7109
4800	-1701
4815	-4339
4830	8765
4845	-9931
4860	7403
4875	-2121
4890	-3950
4905	8551
4920	-9972
4935	7683
4950	-2537
4965	-3554
4980	8322
4995	-9995
5010	7950
5025	-2948
5040	-3151
5055	8078
5070	-9999
5085	8202
5100	-2879
5115	7906
5130	-9992
5145	8361
5160	-3620
5175	-2468
5190	7638
5205	-9966
5220	8588
5235	-4015
5250	-2051
5265	7355
5280	-9922
5295	8799
5310	-4403
5325	-1631
5340	7058
5355	-9860
5370	8994
5385	-4783
5400	-1208
5415	6749
5430	-9780
5445	9173
5460	-5153
5475	-783
5490	6428
5505	-9682
5520	9335
5535	-5515
5550	-356
5565	6095
5580	-9566
5595	9479
5610	-71
5625	5866
5640	-9479
5655	9566
5670	-6095
5685	356
5700	5515
5715	-9335
5730	9682
5745	-6428
5760	783
5775	5153
5790	-9173
5805	9780
5820	-6749
5835	1208
5850	4783
5865	-8994
5880	9860
5895	-7058
5910	1631
5925	4403
5940	-8799
5955	9922
5970	-7355
5985	2051
6000	4015
6015	-8588
6030	9966
6045	-7638
6060	2468
6075	3620
6090	-8361
6105	9992
6120	2743
6135	3353
6150	-8202
6165	9999
6180	-8078
6195	3151
6210	2948
6225	-7950
6240	9995
6255	-8322
6270	3554
6285	2537
6300	-7683
6315	9972
6330	-8551
6345	3950
6360	2121
6375	-7403
6390	9931
6405	-8765
6420	4339
6435	1701
6450	-7109
6465	9872
6480	-8963
6495	4720
6510	1279
6525	-6802
6540	9795
6555	-9144
6570	5092
6585	854
6600	-6482
6615	9700
6630	5335
6645	570
6660	-6263
6675	9626
6690	-9409
6705	5692
6720	142
6735	-5924
6750	9502
6765	-9545
6780	6038
6795	-285
6810	-5574
6825	9360
6840	-9664
6855	6373
6870	-712
6885	-5214
6900	9201
6915	-9765
6930	6697
6945	-1137
6960	-4845
6975	9025
6990	-9848
7005	7008
7020	-1561
7035	-4467
7050	8833
7065	-9913
7080	7306
7095	-1981
7110	-4080
7125	8624
7140	7498
7155	-2260
7170	-3819
7185	8477
7200	-9982
7215	7774
7230	-2674
7245	-3420
7260	8242
7275	-9998
7290	8035
7305	-3083
7320	-3016
7335	7993
7350	-9997
7365	8282
7380	-3487
7395	-2605
7410	7729
7425	-9977
7440	8514
7455	-3884
7470	-2190
7485	7450
7500	-9939
7515	8731
7530	-4275
7545	-1772
7560	7159
7575	-9883
7590	8931
7605	-4657
7620	-1349
7635	6854
7650	9056
7665	-4907
7680	-1067
7695	6644
7710	-9749
7725	9229
7740	-5275
7755	-641
7770	6318
7785	-9645
7800	9385
7815	-5633
7830	-214
7845	5981
7860	-9524
7875	9524
7890	-5981
7905	214
7920	5633
7935	-9385
7950	9645
7965	-6318
7980	641
7995	5275
8010	-9229
8025	9749
8040	-6644
8055	1067
8070	4907
8085	-9056
8100	9835
8115	-6957
8130	1490
8145	4530
8160	9883
8175	-7159
8190	1772
8205	4275
8220	-8731
8235	9939
8250	-7450
8265	2190
8280	3884
8295	-8514
8310	9977
8325	-7729
8340	2605
8355	3487
8370	-8282
8385	9997
8400	-7993
8415	3016
8430	3083
8445	-8035
8460	9998
8475	-8242
8490	3420
8505	2674
8520	-7774
8535	9982
8550	-8477
8565	3819
8580	2260
8595	-7498
8610	9947
8625	-8696
8640	4210
8655	1842
8670	9913
8685	-8833
8700	4467
8715	1561
8730	-7008
8745	9848
8760	-9025
8775	4845
8790	1137
8805	-6697
8820	9765
8835	-9201
8850	5214
8865	712
8880	-6373
8895	9664
8910	-9360
8925	5574
8940	285
8955	-6038
8970	9545
8985	-9502
9000	5924
9015	-142
9030	-5692
9045	9409
9060	-9626
9075	6263
9090	-570
9105	-5335
9120	9256
9135	-9733
9150	6590
9165	-996
9180	9144
9195	-9795
9210	6802
9225	-1279
9240	-4720
9255	8963
9270	-9872
9285	7109
9300	-1701
9315	-4339
9330	8765
9345	-9931
9360	7403
9375	-2121
9390	-3950
9405	8551
9420	-9972
9435	7683
9450	-2537
9465	-3554
9480	8322
9495	-9995
9510	7950
9525	-2948
9540	-3151
9555	8078
9570	-9999
9585	8202
9600	-3353
9615	-2743
9630	7818
9645	-9986
9660	8439
9675	-3753
9690	7638
9705	-9966
9720	8588
9735	-4015
9750	-2051
9765	7355
9780	-9922
9795	8799
9810	-4403
9825	-1631
9840	7058
9855	-9860
9870	8994
9885	-4783
9900	-1208
9915	6749
9930	-9780
9945	9173
9960	-5153
9975	-783
9990	6428
10005	-9682
10020	9335
10035	-5515
10050	-356
10065	6095
10080	-9566
10095	9479
10110	-5866
10125	71
10140	5750
10155	-9433
10170	9607
10185	-6207
10200	5515
10215	-9335
10230	9682
10245	-6428
10260	783
10275	5153
10290	-9173
10305	9780
10320	-6749
10335	1208
10350	4783
10365	-8994
10380	9860
10395	-7058
10410	1631
10425	4403
10440	-8799
10455	9922
10470	-7355
10485	2051
10500	4015
10515	-8588
10530	9966
10545	-7638
10560	2468
10575	3620
10590	-8361
10605	9992
10620	-7906
10635	2879
10650	3219
10665	-8119
10680	10000
10695	-8161
10710	2948
10725	-7950
10740	9995
10755	-8322
10770	3554
10785	2537
10800	-7683
10815	9972
10830	-8551
10845	3950
10860	2121
10875	-7403
10890	9931
10905	-8765
10920	4339
10935	1701
10950	-7109
10965	9872
10980	-8963
10995	4720
11010	1279
11025	-6802
11040	9795
11055	-9144
11070	5092
11085	854
11100	-6482
11115	9700
11130	-9309
11145	5455
11160	427
11175	-6151
11190	9587
11205	-9456
11220	142
11235	-5924
11250	9502
11265	-9545
11280	6038
11295	-285
11310	-5574
11325	9360
11340	-9664
11355	6373
11370	-712
11385	-5214
11400	9201
11415	-9765
11430	6697
11445	-1137
11460	-4845
11475	9025
11490	-9848
11505	7008
11520	-1561
11535	-4467
11550	8833
11565	-9913
11580	7306
11595	-1981
11610	-4080
11625	8624
11640	-9960
11655	7591
11670	-2398
11685	-3687
11700	8400
11715	-9989
11730	-2674
11745	-3420
11760	8242
11775	-9998
11790	8035
11805	-3083
11820	-3016
11835	7993
11850	-9997
11865	8282
11880	-3487
11895	-2605
11910	7729
11925	-9977
11940	8514
11955	-3884
11970	-2190
11985	7450
12000	-9939
12015	8731
12030	-4275
12045	-1772
12060	7159
12075	-9883
12090	8931
12105	-4657
12120	-1349
12135	6854
12150	-9809
12165	9115
12180	-5031
12195	-925
12210	6536
12225	-9717
12240	-5275
12255	-641
12270	6318
12285	-9645
12300	9385
12315	-5633
12330	-214
12345	5981
12360	-9524
12375	9524
12390	-5981
12405	214
12420	5633
12435	-9385
12450	9645
12465	-6318
12480	641
12495	5275
12510	-9229
12525	9749
12540	-6644
12555	1067
12570	4907
12585	-9056
12600	9835
12615	-6957
12630	1490
12645	4530
12660	-8866
12675	9904
12690	-7257
12705	1912
12720	4145
12735	-8660
12750	-7450
12765	2190
12780	3884
12795	-8514
12810	9977
12825	-7729
12840	2605
12855	3487
12870	-8282
12885	9997
12900	-7993
12915	3016
12930	3083
12945	-8035
12960	9998
12975	-8242
12990	3420
13005	2674
13020	-7774
13035	9982
13050	-8477
13065	3819
13080	2260
13095	-7498
13110	9947
13125	-8696
13140	4210
13155	1842
13170	-7208
13185	9894
13200	-8899
13215	4594
13230	1420
13245	-6905
13260	-9025
13275	4845
13290	1137
13305	-6697
13320	9765
13335	-9201
13350	5214
13365	712
13380	-6373
13395	9664
13410	-9360
13425	5574
13440	285
13455	-6038
13470	9545
13485	-9502
13500	5924
13515	-142
13530	-5692
13545	9409
13560	-9626
13575	6263
13590	-570
13605	-5335
13620	9256
13635	-9733
13650	6590
13665	-996
13680	-4969
13695	9086
13710	-9822
13725	6905
13740	-1420
13755	-4594
13770	-9872
13785	7109
13800	-1701
13815	-4339
13830	8765
13845	-9931
13860	7403
13875	-2121
13890	-3950
13905	8551
13920	-9972
13935	7683
13950	-2537
13965	-3554
13980	8322
13995	-9995
14010	7950
14025	-2948
14040	-3151
14055	8078
14070	-9999
14085	8202
14100	-3353
14115	-2743
14130	7818
14145	-9986
14160	8439
14175	-3753
14190	-2329
14205	7545
14220	-9954
14235	8660
14250	-4145
14265	-1912
14280	-9922
14295	8799
14310	-4403
14325	-1631
14340	7058
14355	-9860
14370	8994
14385	-4783
14400	-1208
14415	6749
14430	-9780
14445	9173
14460	-5153
14475	-783
14490	6428
14505	-9682
14520	9335
14535	-5515
14550	-356
14565	6095
14580	-9566
14595	9479
14610	-5866
14625	71
14640	5750
14655	-9433
14670	9607
14685	-6207
14700	498
14715	5396
14730	-9282
14745	9717
14760	-6536
14775	925
14790	-9173
14805	9780
14820	-6749
14835	1208
14850	4783
14865	-8994
14880	9860
14895	-7058
14910	1631
14925	4403
14940	-8799
14955	9922
14970	-7355
14985	2051
15000	4015
15015	-8588
15030	9966
15045	-7638
15060	2468
15075	3620
15090	-8361
15105	9992
15120	-7906
15135	2879
15150	3219
15165	-8119
15180	10000
15195	-8161
15210	3286
15225	2811
15240	-7863
15255	9989
15270	-8400
15285	3687
15300	-7683
15315	9972
15330	-8551
15345	3950
15360	2121
15375	-7403
15390	9931
15405	-8765
15420	4339
15435	1701
15450	-7109
15465	9872
15480	-8963
15495	4720
15510	1279
15525	-6802
15540	9795
15555	-9144
15570	5092
15585	854
15600	-6482
15615	9700
15630	-9309
15645	5455
15660	427
15675	-6151
15690	9587
15705	-9456
15720	5808
15735	0
15750	-5808
15765	9456
15780	-9587
15795	6151
15810	-5574
15825	9360
15840	-9664
15855	6373
15870	-712
15885	-5214
15900	9201
15915	-9765
15930	6697
15945	-1137
15960	-4845
15975	9025
15990	-9848
16005	7008
16020	-1561
16035	-4467
16050	8833
16065	-9913
16080	7306
16095	-1981
16110	-4080
16125	8624
16140	-9960
16155	7591
16170	-2398
16185	-3687
16200	8400
16215	-9989
16230	7863
16245	-2811
16260	-3286
16275	8161
16290	-10000
16305	8119
16320	-3016
16335	7993
16350	-9997
16365	8282
16380	-3487
16395	-2605
16410	7729
16425	-9977
16440	8514
16455	-3884
16470	-2190
16485	7450
16500	-9939
16515	8731
16530	-4275
16545	-1772
16560	7159
16575	-9883
16590	8931
16605	-4657
16620	-1349
16635	6854
16650	-9809
16665	9115
16680	-5031
16695	-925
16710	6536
16725	-9717
16740	9282
16755	-5396
16770	-498
16785	6207
16800	-9607
16815	9433
16830	-214
16845	5981
16860	-9524
16875	9524
16890	-5981
16905	214
16920	5633
16935	-9385
16950	9645
16965	-6318
16980	641
16995	5275
17010	-9229
17025	9749
17040	-6644
17055	1067
17070	4907
17085	-9056
17100	9835
17115	-6957
17130	1490
17145	4530
17160	-8866
17175	9904
17190	-7257
17205	1912
17220	4145
17235	-8660
17250	9954
17265	-7545
17280	2329
17295	3753
17310	-8439
17325	9986
17340	2605
17355	3487
17370	-8282
17385	9997
17400	-7993
17415	3016
17430	3083
17445	-8035
17460	9998
17475	-8242
17490	3420
17505	2674
17520	-7774
17535	9982
17550	-8477
17565	3819
17580	2260
17595	-7498
17610	9947
17625	-8696
17640	4210
17655	1842
17670	-7208
17685	9894
17700	-8899
17715	4594
17730	1420
17745	-6905
17760	9822
17775	-9086
17790	4969
17805	996
17820	-6590
17835	9733
17850	5214
17865	712
17880	-6373
17895	9664
17910	-9360
17925	5574
17940	285
17955	-6038
17970	9545
17985	-9502
18000	5924
18015	-142
18030	-5692
18045	9409
18060	-9626
18075	6263
18090	-570
18105	-5335
18120	9256
18135	-9733
18150	6590
18165	-996
18180	-4969
18195	9086
18210	-9822
18225	6905
18240	-1420
18255	-4594
18270	8899
18285	-9894
18300	7208
18315	-1842
18330	-4210
18345	8696
18360	7403
18375	-2121
18390	-3950
18405	8551
18420	-9972
18435	7683
18450	-2537
18465	-3554
18480	8322
18495	-9995
18510	7950
18525	-2948
18540	-3151
18555	8078
18570	-9999
18585	8202
18600	-3353
18615	-2743
18630	7818
18645	-9986
18660	8439
18675	-3753
18690	-2329
18705	7545
18720	-9954
18735	8660
18750	-4145
18765	-1912
18780	7257
18795	-9904
18810	8866
18825	-4530
18840	-1490
18855	6957
18870	8994
18885	-4783
18900	-1208
18915	6749
18930	-9780
18945	9173
18960	-5153
18975	-783
18990	6428
19005	-9682
19020	9335
19035	-5515
19050	-356
19065	6095
19080	-9566
19095	9479
19110	-5866
19125	71
19140	5750
19155	-9433
19170	9607
19185	-6207
19200	498
19215	5396
19230	-9282
19245	9717
19260	-6536
19275	925
19290	5031
19305	-9115
19320	9809
19335	-6854
19350	1349
19365	4657
19380	9860
19395	-7058
19410	1631
19425	4403
19440	-8799
19455	9922
19470	-7355
19485	2051
19500	4015
19515	-8588
19530	9966
19545	-7638
19560	2468
19575	3620
19590	-8361
19605	9992
19620	-7906
19635	2879
19650	3219
19665	-8119
19680	10000
19695	-8161
19710	3286
19725	2811
19740	-7863
19755	9989
19770	-8400
19785	3687
19800	2398
19815	-7591
19830	9960
19845	-8624
19860	4080
19875	1981
19890	9931
19905	-8765
19920	4339
19935	1701
19950	-7109
19965	9872
19980	-8963
19995	4720
20010	1279
20025	-6802
20040	9795
20055	-9144
20070	5092
20085	854
20100	-6482
20115	9700
20130	-9309
20145	5455
20160	427
20175	-6151
20190	9587
20205	-9456
20220	5808
20235	0
20250	-5808
20265	9456
20280	-9587
20295	6151
20310	-427
20325	-5455
20340	9309
20355	-9700
20370	6482
20385	-854
20400	9201
20415	-9765
20430	6697
20445	-1137
20460	-4845
20475	9025
20490	-9848
20505	7008
20520	-1561
20535	-4467
20550	8833
20565	-9913
20580	7306
20595	-1981
20610	-4080
20625	8624
20640	-9960
20655	7591
20670	-2398
20685	-3687
20700	8400
20715	-9989
20730	7863
20745	-2811
20760	-3286
20775	8161
20790	-10000
20805	8119
20820	-3219
20835	-2879
20850	7906
20865	-9992
20880	8361
20895	-3620
20910	7729
20925	-9977
20940	8514
20955	-3884
20970	-2190
20985	7450
21000	-9939
21015	8731
21030	-4275
21045	-1772
21060	7159
21075	-9883
21090	8931
21105	-4657
21120	-1349
21135	6854
21150	-9809
21165	9115
21180	-5031
21195	-925
21210	6536
21225	-9717
21240	9282
21255	-5396
21270	-498
21285	6207
21300	-9607
21315	9433
21330	-5750
21345	-71
21360	5866
21375	-9479
21390	9566
21405	-6095
21420	5633
21435	-9385
21450	9645
21465	-6318
21480	641
21495	5275
21510	-9229
21525	9749
21540	-6644
21555	1067
21570	4907
21585	-9056
21600	9835
21615	-6957
21630	1490
21645	4530
21660	-8866
21675	9904
21690	-7257
21705	1912
21720	4145
21735	-8660
21750	9954
21765	-7545
21780	2329
21795	3753
21810	-8439
21825	9986
21840	-7818
21855	2743
21870	3353
21885	-8202
21900	9999
21915	-8078
21930	3083
21945	-8035
21960	9998
21975	-8242
21990	3420
22005	2674
22020	-7774
22035	9982
22050	-8477
22065	3819
22080	2260
22095	-7498
22110	9947
22125	-8696
22140	4210
22155	1842
22170	-7208
22185	9894
22200	-8899
22215	4594
22230	1420
22245	-6905
22260	9822
22275	-9086
22290	4969
22305	996
22320	-6590
22335	9733
22350	-9256
22365	5335
22380	570
22395	-6263
22410	9626
22425	-9409
22440	285
22455	-6038
22470	9545
22485	-9502
22500	5924
22515	-142
22530	-5692
22545	9409
22560	-9626
22575	6263
22590	-570
22605	-5335
22620	9256
22635	-9733
22650	6590
22665	-996
22680	-4969
22695	9086
22710	-9822
22725	6905
22740	-1420
22755	-4594
22770	8899
22785	-9894
22800	7208
22815	-1842
22830	-4210
22845	8696
22860	-9947
22875	7498
22890	-2260
22905	-3819
22920	8477
22935	-9982
22950	-2537
22965	-3554
22980	8322
22995	-9995
23010	7950
23025	-2948
23040	-3151
23055	8078
23070	-9999
23085	8202
23100	-3353
23115	-2743
23130	7818
23145	-9986
23160	8439
23175	-3753
23190	-2329
23205	7545
23220	-9954
23235	8660
23250	-4145
23265	-1912
23280	7257
23295	-9904
23310	8866
23325	-4530
23340	-1490
23355	6957
23370	-9835
23385	9056
23400	-4907
23415	-1067
23430	6644
23445	-9749
23460	-5153
23475	-783
23490	6428
23505	-9682
23520	9335
23535	-5515
23550	-356
23565	6095
23580	-9566
23595	9479
23610	-5866
23625	71
23640	5750
23655	-9433
23670	9607
23685	-6207
23700	498
23715	5396
23730	-9282
23745	9717
23760	-6536
23775	925
23790	5031
23805	-9115
23820	9809
23835	-6854
23850	1349
23865	4657
23880	-8931
23895	9883
23910	-7159
23925	1772
23940	4275
23955	-8731
23970	-7355
23985	2051
24000	4015
24015	-8588
24030	9966
24045	-7638
24060	2468
24075	3620
24090	-8361
24105	9992
24120	-7906
24135	2879
24150	3219
24165	-8119
24180	10000
24195	-8161
24210	3286
24225	2811
24240	-7863
24255	9989
24270	-8400
24285	3687
24300	2398
24315	-7591
24330	9960
24345	-8624
24360	4080
24375	1981
24390	-7306
24405	9913
24420	-8833
24435	4467
24450	1561
24465	-7008
24480	-8963
24495	4720
24510	1279
24525	-6802
24540	9795
24555	-9144
24570	5092
24585	854
24600	-6482
24615	9700
24630	-9309
24645	5455
24660	427
24675	-6151
24690	9587
24705	-9456
24720	5808
24735	0
24750	-5808
24765	9456
24780	-9587
24795	6151
24810	-427
24825	-5455
24840	9309
24855	-9700
24870	6482
24885	-854
24900	-5092
24915	9144
24930	-9795
24945	6802
24960	-1279
24975	-4720
24990	-9848
25005	7008
25020	-1561
25035	-4467
25050	8833
25065	-9913
25080	7306
25095	-1981
25110	-4080
25125	8624
25140	-9960
25155	7591
25170	-2398
25185	-3687
25200	8400
25215	-9989
25230	7863
25245	-2811
25260	-3286
25275	8161
25290	-10000
25305	8119
25320	-3219
25335	-2879
25350	7906
25365	-9992
25380	8361
25395	-3620
25410	-2468
25425	7638
25440	-9966
25455	8588
25470	-4015
25485	-2051
25500	-9939
25515	8731
25530	-4275
25545	-1772
25560	7159
25575	-9883
25590	8931
25605	-4657
25620	-1349
25635	6854
25650	-9809
25665	9115
25680	-5031
25695	-925
25710	6536
25725	-9717
25740	9282
25755	-5396
25770	-498
25785	6207
25800	-9607
25815	9433
25830	-5750
25845	-71
25860	5866
25875	-9479
25890	9566
25905	-6095
25920	356
25935	5515
25950	-9335
25965	9682
25980	-6428
25995	783
26010	-9229
26025	9749
26040	-6644
26055	1067
26070	4907
26085	-9056
26100	9835
26115	-6957
26130	1490
26145	4530
26160	-8866
26175	9904
26190	-7257
26205	1912
26220	4145
26235	-8660
26250	9954
26265	-7545
26280	2329
26295	3753
26310	-8439
26325	9986
26340	-7818
26355	2743
26370	3353
26385	-8202
26400	9999
26415	-8078
26430	3151
26445	2948
26460	-7950
26475	9995
26490	-8322
26505	3554
26520	-7774
26535	9982
26550	-8477
26565	3819
26580	2260
26595	-7498
26610	9947
26625	-8696
26640	4210
26655	1842
26670	-7208
26685	9894
26700	-8899
26715	4594
26730	1420
26745	-6905
26760	9822
26775	-9086
26790	4969
26805	996
26820	-6590
26835	9733
26850	-9256
26865	5335
26880	570
26895	-6263
26910	9626
26925	-9409
26940	5692
26955	142
26970	-5924
26985	9502
27000	-9545
27015	6038
27030	-5692
27045	9409
27060	-9626
27075	6263
27090	-570
27105	-5335
27120	9256
27135	-9733
27150	6590
27165	-996
27180	-4969
27195	9086
27210	-9822
27225	6905
27240	-1420
27255	-4594
27270	8899
27285	-9894
27300	7208
27315	-1842
27330	-4210
27345	8696
27360	-9947
27375	7498
27390	-2260
27405	-3819
27420	8477
27435	-9982
27450	7774
27465	-2674
27480	-3420
27495	8242
27510	-9998
27525	8035
27540	-3151
27555	8078
27570	-9999
27585	8202
27600	-3353
27615	-2743
27630	7818
27645	-9986
27660	8439
27675	-3753
27690	-2329
27705	7545
27720	-9954
27735	8660
27750	-4145
27765	-1912
27780	7257
27795	-9904
27810	8866
27825	-4530
27840	-1490
27855	6957
27870	-9835
27885	9056
27900	-4907
27915	-1067
27930	6644
27945	-9749
27960	9229
27975	-5275
27990	-641
28005	6318
28020	-9645
28035	9385
28050	-356
28065	6095
28080	-9566
28095	9479
28110	-5866
28125	71
28140	5750
28155	-9433
28170	9607
28185	-6207
28200	498
28215	5396
28230	-9282
28245	9717
28260	-6536
28275	925
28290	5031
28305	-9115
28320	9809
28335	-6854
28350	1349
28365	4657
28380	-8931
28395	9883
28410	-7159
28425	1772
28440	4275
28455	-8731
28470	9939
28485	-7450
28500	2190
28515	3884
28530	-8514
28545	9977
28560	2468
28575	3620
28590	-8361
28605	9992
28620	-7906
28635	2879
28650	3219
28665	-8119
28680	10000
28695	-8161
28710	3286
28725	2811
28740	-7863
28755	9989
28770	-8400
28785	3687
28800	2398
28815	-7591
28830	9960
28845	-8624
28860	4080
28875	1981
28890	-7306
28905	9913
28920	-8833
28935	4467
28950	1561
28965	-7008
28980	9848
28995	-9025
29010	4845
29025	1137
29040	-6697
29055	9765
29070	5092
29085	854
29100	-6482
29115	9700
29130	-9309
29145	5455
29160	427
29175	-6151
29190	9587
29205	-9456
29220	5808
29235	0
29250	-5808
29265	9456
29280	-9587
29295	6151
29310	-427
29325	-5455
29340	9309
29355	-9700
29370	6482
29385	-854
29400	-5092
29415	9144
29430	-9795
29445	6802
29460	-1279
29475	-4720
29490	8963
29505	-9872
29520	7109
29535	-1701
29550	-4339
29565	8765
29580	7306
29595	-1981
29610	-4080
29625	8624
29640	-9960
29655	7591
29670	-2398
29685	-3687
29700	8400
29715	-9989
29730	7863
29745	-2811
29760	-3286
29775	8161
29790	-10000
29805	8119
29820	-3219
29835	-2879
29850	7906
29865	-9992
29880	8361
29895	-3620
29910	-2468
29925	7638
29940	-9966
29955	8588
29970	-4015
29985	-2051
30000	7355
30015	-9922
30030	8799
30045	-4403
30060	-1631
30075	7058
30090	8931
30105	-4657
30120	-1349
30135	6854
30150	-9809
30165	9115
30180	-5031
30195	-925
30210	6536
30225	-9717
30240	9282
30255	-5396
30270	-498
30285	6207
30300	-9607
30315	9433
30330	-5750
30345	-71
30360	5866
30375	-9479
30390	9566
30405	-6095
30420	356
30435	5515
30450	-9335
30465	9682
30480	-6428
30495	783
30510	5153
30525	-9173
30540	9780
30555	-6749
30570	1208
30585	4783
30600	9835
30615	-6957
30630	1490
30645	4530
30660	-8866
30675	9904
30690	-7257
30705	1912
30720	4145
30735	-8660
30750	9954
30765	-7545
30780	2329
30795	3753
30810	-8439
30825	9986
30840	-7818
30855	2743
30870	3353
30885	-8202
30900	9999
30915	-8078
30930	3151
30945	2948
30960	-7950
30975	9995
30990	-8322
31005	3554
31020	2537
31035	-7683
31050	9972
31065	-8551
31080	3950
31095	2121
31110	9947
31125	-8696
31140	4210
31155	1842
31170	-7208
31185	9894
31200	-8899
31215	4594
31230	1420
31245	-6905
31260	9822
31275	-9086
31290	4969
31305	996
31320	-6590
31335	9733
31350	-9256
31365	5335
31380	570
31395	-6263
31410	9626
31425	-9409
31440	5692
31455	142
31470	-5924
31485	9502
31500	-9545
31515	6038
31530	-285
31545	-5574
31560	9360
31575	-9664
31590	6373
31605	-712
31620	9256
31635	-9733
31650	6590
31665	-996
31680	-4969
31695	9086
31710	-9822
31725	6905
31740	-1420
31755	-4594
31770	8899
31785	-9894
31800	7208
31815	-1842
31830	-4210
31845	8696
31860	-9947
31875	7498
31890	-2260
31905	-3819
31920	8477
31935	-9982
31950	7774
31965	-2674
31980	-3420
31995	8242
32010	-9998
32025	8035
32040	-3083
32055	-3016
32070	7993
32085	-9997
32100	8282
32115	-3487
32130	7818
32145	-9986
32160	8439
32175	-3753
32190	-2329
32205	7545
32220	-9954
32235	8660
32250	-4145
32265	-1912
32280	7257
32295	-9904
32310	8866
32325	-4530
32340	-1490
32355	6957
32370	-9835
32385	9056
32400	-4907
32415	-1067
32430	6644
32445	-9749
32460	9229
32475	-5275
32490	-641
32505	6318
32520	-9645
32535	9385
32550	-5633
32565	-214
32580	5981
32595	-9524
32610	9524
32625	-5981
32640	5750
32655	-9433
32670	9607
32685	-6207
32700	498
32715	5396
32730	-9282
32745	9717
32760	-6536
32775	925
32790	5031
32805	-9115
32820	9809
32835	-6854
32850	1349
32865	4657
32880	-8931
32895	9883
32910	-7159
32925	1772
32940	4275
32955	-8731
32970	9939
32985	-7450
33000	2190
33015	3884
33030	-8514
33045	9977
33060	-7729
33075	2605
33090	3487
33105	-8282
33120	9997
33135	-7993
33150	3219
33165	-8119
33180	10000
33195	-8161
33210	3286
33225	2811
33240	-7863
33255	9989
33270	-8400
33285	3687
33300	2398
33315	-7591
33330	9960
33345	-8624
33360	4080
33375	1981
33390	-7306
33405	9913
33420	-8833
33435	4467
33450	1561
33465	-7008
33480	9848
33495	-9025
33510	4845
33525	1137
33540	-6697
33555	9765
33570	-9201
33585	5214
33600	712
33615	-6373
33630	9664
33645	-9360
33660	427
33675	-6151
33690	9587
33705	-9456
33720	5808
33735	0
33750	-5808
33765	9456
33780	-9587
33795	6151
33810	-427
33825	-5455
33840	9309
33855	-9700
33870	6482
33885	-854
33900	-5092
33915	9144
33930	-9795
33945	6802
33960	-1279
33975	-4720
33990	8963
34005	-9872
34020	7109
34035	-1701
34050	-4339
34065	8765
34080	-9931
34095	7403
34110	-2121
34125	-3950
34140	8551
34155	-9972
34170	-2398
34185	-3687
34200	8400
34215	-9989
34230	7863
34245	-2811
34260	-3286
34275	8161
34290	-10000
34305	8119
34320	-3219
34335	-2879
34350	7906
34365	-9992
34380	8361
34395	-3620
34410	-2468
34425	7638
34440	-9966
34455	8588
34470	-4015
34485	-2051
34500	7355
34515	-9922
34530	8799
34545	-4403
34560	-1631
34575	7058
34590	-9860
34605	8994
34620	-4783
34635	-1208
34650	6749
34665	-9780
34680	-5031
34695	-925
34710	6536
34725	-9717
34740	9282
34755	-5396
34770	-498
34785	6207
34800	-9607
34815	9433
34830	-5750
34845	-71
34860	5866
34875	-9479
34890	9566
34905	-6095
34920	356
34935	5515
34950	-9335
34965	9682
34980	-6428
34995	783
35010	5153
35025	-9173
35040	9780
35055	-6749
35070	1208
35085	4783
35100	-8994
35115	9860
35130	-7058
35145	1631
35160	4403
35175	-8799
35190	-7257
35205	1912
35220	4145
35235	-8660
35250	9954
35265	-7545
35280	2329
35295	3753
35310	-8439
35325	9986
35340	-7818
35355	2743
35370	3353
35385	-8202
35400	9999
35415	-8078
35430	3151
35445	2948
35460	-7950
35475	9995
35490	-8322
35505	3554
35520	2537
35535	-7683
35550	9972
35565	-8551
35580	3950
35595	2121
35610	-7403
35625	9931
35640	-8765
35655	4339
35670	1701
35685	-7109
35700	-8899
35715	4594
35730	1420
35745	-6905
35760	9822
35775	-9086
35790	4969
35805	996
35820	-6590
35835	9733
35850	-9256
35865	5335
35880	570
35895	-6263
35910	9626
35925	-9409
35940	5692
35955	142
35970	-5924
35985	9502
36000	-9545
36015	6038
36030	-285
36045	-5574
36060	9360
36075	-9664
36090	6373
36105	-712
36120	-5214
36135	9201
36150	-9765
36165	6697
36180	-1137
36195	-4845
36210	-9822
36225	6905
36240	-1420
36255	-4594
36270	8899
36285	-9894
36300	7208
36315	-1842
36330	-4210
36345	8696
36360	-9947
36375	7498
36390	-2260
36405	-3819
36420	8477
36435	-9982
36450	7774
36465	-2674
36480	-3420
36495	8242
36510	-9998
36525	8035
36540	-3083
36555	-3016
36570	7993
36585	-9997
36600	8282
36615	-3487
36630	-2605
36645	7729
36660	-9977
36675	8514
36690	-3884
36705	-2190
36720	-9954
36735	8660
36750	-4145
36765	-1912
36780	7257
36795	-9904
36810	8866
36825	-4530
36840	-1490
36855	6957
36870	-9835
36885	9056
36900	-4907
36915	-1067
36930	6644
36945	-9749
36960	9229
36975	-5275
36990	-641
37005	6318
37020	-9645
37035	9385
37050	-5633
37065	-214
37080	5981
37095	-9524
37110	9524
37125	-5981
37140	214
37155	5633
37170	-9385
37185	9645
37200	-6318
37215	641
37230	-9282
37245	9717
37260	-6536
37275	925
37290	5031
37305	-9115
37320	9809
37335	-6854
37350	1349
37365	4657
37380	-8931
37395	9883
37410	-7159
37425	1772
37440	4275
37455	-8731
37470	9939
37485	-7450
37500	2190
37515	3884
37530	-8514
37545	9977
37560	-7729
37575	2605
37590	3487
37605	-8282
37620	9997
37635	-7993
37650	3016
37665	3083
37680	-8035
37695	9998
37710	-8242
37725	3420
37740	-7863
37755	9989
37770	-8400
37785	3687
37800	2398
37815	-7591
37830	9960
37845	-8624
37860	4080
37875	1981
37890	-7306
37905	9913
37920	-8833
37935	4467
37950	1561
37965	-7008
37980	9848
37995	-9025
38010	4845
38025	1137
38040	-6697
38055	9765
38070	-9201
38085	5214
38100	712
38115	-6373
38130	9664
38145	-9360
38160	5574
38175	285
38190	-6038
38205	9545
38220	-9502
38235	5924
38250	-5808
38265	9456
38280	-9587
38295	6151
38310	-427
38325	-5455
38340	9309
38355	-9700
38370	6482
38385	-854
38400	-5092
38415	9144
38430	-9795
38445	6802
38460	-1279
38475	-4720
38490	8963
38505	-9872
38520	7109
38535	-1701
38550	-4339
38565	8765
38580	-9931
38595	7403
38610	-2121
38625	-3950
38640	8551
38655	-9972
38670	7683
38685	-2537
38700	-3554
38715	8322
38730	-9995
38745	7950
38760	-3286
38775	8161
38790	-10000
38805	8119
38820	-3219
38835	-2879
38850	7906
38865	-9992
38880	8361
38895	-3620
38910	-2468
38925	7638
38940	-9966
38955	8588
38970	-4015
38985	-2051
39000	7355
39015	-9922
39030	8799
39045	-4403
39060	-1631
39075	7058
39090	-9860
39105	8994
39120	-4783
39135	-1208
39150	6749
39165	-9780
39180	9173
39195	-5153
39210	-783
39225	6428
39240	-9682
39255	9335
39270	-498
39285	6207
39300	-9607
39315	9433
39330	-5750
39345	-71
39360	5866
39375	-9479
39390	9566
39405	-6095
39420	356
39435	5515
39450	-9335
39465	9682
39480	-6428
39495	783
39510	5153
39525	-9173
39540	9780
39555	-6749
39570	1208
39585	4783
39600	-8994
39615	9860
39630	-7058
39645	1631
39660	4403
39675	-8799
39690	9922
39705	-7355
39720	2051
39735	4015
39750	-8588
39765	9966
39780	2329
39795	3753
39810	-8439
39825	9986
39840	-7818
39855	2743
39870	3353
39885	-8202
39900	9999
39915	-8078
39930	3151
39945	2948
39960	-7950
39975	9995
39990	-8322
40005	3554
40020	2537
40035	-7683
40050	9972
40065	-8551
40080	3950
40095	2121
40110	-7403
40125	9931
40140	-8765
40155	4339
40170	1701
40185	-7109
40200	9872
40215	-8963
40230	4720
40245	1279
40260	-6802
40275	9795
40290	4969
40305	996
40320	-6590
40335	9733
40350	-9256
40365	5335
40380	570
40395	-6263
40410	9626
40425	-9409
40440	5692
40455	142
40470	-5924
40485	9502
40500	-9545
40515	6038
40530	-285
40545	-5574
40560	9360
40575	-9664
40590	6373
40605	-712
40620	-5214
40635	9201
40650	-9765
40665	6697
40680	-1137
40695	-4845
40710	9025
40725	-9848
40740	7008
40755	-1561
40770	-4467
40785	8833
40800	7208
40815	-1842
40830	-4210
40845	8696
40860	-9947
40875	7498
40890	-2260
40905	-3819
40920	8477
40935	-9982
40950	7774
40965	-2674
40980	-3420
40995	8242
41010	-9998
41025	8035
41040	-3083
41055	-3016
41070	7993
41085	-9997
41100	8282
41115	-3487
41130	-2605
41145	7729
41160	-9977
41175	8514
41190	-3884
41205	-2190
41220	7450
41235	-9939
41250	8731
41265	-4275
41280	-1772
41295	7159
41310	8866
41325	-4530
41340	-1490
41355	6957
41370	-9835
41385	9056
41400	-4907
41415	-1067
41430	6644
41445	-9749
41460	9229
41475	-5275
41490	-641
41505	6318
41520	-9645
41535	9385
41550	-5633
41565	-214
41580	5981
41595	-9524
41610	9524
41625	-5981
41640	214
41655	5633
41670	-9385
41685	9645
41700	-6318
41715	641
41730	5275
41745	-9229
41760	9749
41775	-6644
41790	1067
41805	4907
41820	9809
41835	-6854
41850	1349
41865	4657
41880	-8931
41895	9883
41910	-7159
41925	1772
41940	4275
41955	-8731
41970	9939
41985	-7450
42000	2190
42015	3884
42030	-8514
42045	9977
42060	-7729
42075	2605
42090	3487
42105	-8282
42120	9997
42135	-7993
42150	3016
42165	3083
42180	-8035
42195	9998
42210	-8242
42225	3420
42240	2674
42255	-7774
42270	9982
42285	-8477
42300	3819
42315	2260
42330	9960
42345	-8624
42360	4080
42375	1981
42390	-7306
42405	9913
42420	-8833
42435	4467
42450	1561
42465	-7008
42480	9848
42495	-9025
42510	4845
42525	1137
42540	-6697
42555	9765
42570	-9201
42585	5214
42600	712
42615	-6373
42630	9664
42645	-9360
42660	5574
42675	285
42690	-6038
42705	9545
42720	-9502
42735	5924
42750	-142
42765	-5692
42780	9409
42795	-9626
42810	6263
42825	-570
42840	9309
42855	-9700
42870	6482
42885	-854
42900	-5092
42915	9144
42930	-9795
42945	6802
42960	-1279
42975	-4720
42990	8963
43005	-9872
43020	7109
43035	-1701
43050	-4339
43065	8765
43080	-9931
43095	7403
43110	-2121
43125	-3950
43140	8551
43155	-9972
43170	7683
43185	-2537
43200	-3554
43215	8322
43230	-9995
43245	7950
43260	-2948
43275	-3151
43290	8078
43305	-9999
43320	8202
43335	-3353
43350	7906
43365	-9992
43380	8361
43395	-3620
43410	-2468
43425	7638
43440	-9966
43455	8588
43470	-4015
43485	-2051
43500	7355
43515	-9922
43530	8799
43545	-4403
43560	-1631
43575	7058
43590	-9860
43605	8994
43620	-4783
43635	-1208
43650	6749
43665	-9780
43680	9173
43695	-5153
43710	-783
43725	6428
43740	-9682
43755	9335
43770	-5515
43785	-356
43800	6095
43815	-9566
43830	9479
43845	-5866
43860	5866
43875	-9479
43890	9566
43905	-6095
43920	356
43935	5515
43950	-9335
43965	9682
43980	-6428
43995	783
44010	5153
44025	-9173
44040	9780
44055	-6749
44070	1208
44085	4783
44100	-8994
44115	9860
44130	-7058
44145	1631
44160	4403
44175	-8799
44190	9922
44205	-7355
44220	2051
44235	4015
44250	-8588
44265	9966
44280	-7638
44295	2468
44310	3620
44325	-8361
44340	9992
44355	-7906
44370	3353
44385	-8202
44400	9999
44415	-8078
44430	3151
44445	2948
44460	-7950
44475	9995
44490	-8322
44505	3554
44520	2537
44535	-7683
44550	9972
44565	-8551
44580	3950
44595	2121
44610	-7403
44625	9931
44640	-8765
44655	4339
44670	1701
44685	-7109
44700	9872
44715	-8963
44730	4720
44745	1279
44760	-6802
44775	9795
44790	-9144
44805	5092
44820	854
44835	-6482
44850	9700
44865	-9309
44880	570
44895	-6263
44910	9626
44925	-9409
44940	5692
44955	142
44970	-5924
44985	9502
45000	-9545
45015	6038
45030	-285
45045	-5574
45060	9360
45075	-9664
45090	6373
45105	-712
45120	-5214
45135	9201
45150	-9765
45165	6697
45180	-1137
45195	-4845
45210	9025
45225	-9848
45240	7008
45255	-1561
45270	-4467
45285	8833
45300	-9913
45315	7306
45330	-1981
45345	-4080
45360	8624
45375	-9960
45390	-2260
45405	-3819
45420	8477
45435	-9982
45450	7774
45465	-2674
45480	-3420
45495	8242
45510	-9998
45525	8035
45540	-3083
45555	-3016
45570	7993
45585	-9997
45600	8282
45615	-3487
45630	-2605
45645	7729
45660	-9977
45675	8514
45690	-3884
45705	-2190
45720	7450
45735	-9939
45750	8731
45765	-4275
45780	-1772
45795	7159
45810	-9883
45825	8931
45840	-4657
45855	-1349
45870	6854
45885	-9809
45900	-4907
45915	-1067
45930	6644
45945	-9749
45960	9229
45975	-5275
45990	-641
46005	6318
46020	-9645
46035	9385
46050	-5633
46065	-214
46080	5981
46095	-9524
46110	9524
46125	-5981
46140	214
46155	5633
46170	-9385
46185	9645
46200	-6318
46215	641
46230	5275
46245	-9229
46260	9749
46275	-6644
46290	1067
46305	4907
46320	-9056
46335	9835
46350	-6957
46365	1490
46380	4530
46395	-8866
46410	-7159
46425	1772
46440	4275
46455	-8731
46470	9939
46485	-7450
46500	2190
46515	3884
46530	-8514
46545	9977
46560	-7729
46575	2605
46590	3487
46605	-8282
46620	9997
46635	-7993
46650	3016
46665	3083
46680	-8035
46695	9998
46710	-8242
46725	3420
46740	2674
46755	-7774
46770	9982
46785	-8477
46800	3819
46815	2260
46830	-7498
46845	9947
46860	-8696
46875	4210
46890	1842
46905	-7208
46920	-8833
46935	4467
46950	1561
46965	-7008
46980	9848
46995	-9025
47010	4845
47025	1137
47040	-6697
47055	9765
47070	-9201
47085	5214
47100	712
47115	-6373
47130	9664
47145	-9360
47160	5574
47175	285
47190	-6038
47205	9545
47220	-9502
47235	5924
47250	-142
47265	-5692
47280	9409
47295	-9626
47310	6263
47325	-570
47340	-5335
47355	9256
47370	-9733
47385	6590
47400	-996
47415	-4969
47430	-9795
47445	6802
47460	-1279
47475	-4720
47490	8963
47505	-9872
47520	7109
47535	-1701
47550	-4339
47565	8765
47580	-9931
47595	7403
47610	-2121
47625	-3950
47640	8551
47655	-9972
47670	7683
47685	-2537
47700	-3554
47715	8322
47730	-9995
47745	7950
47760	-2948
47775	-3151
47790	8078
47805	-9999
47820	8202
47835	-3353
47850	-2743
47865	7818
47880	-9986
47895	8439
47910	-3753
47925	-2329
47940	-9966
47955	8588
47970	-4015
47985	-2051
48000	7355
48015	-9922
48030	8799
48045	-4403
48060	-1631
48075	7058
48090	-9860
48105	8994
48120	-4783
48135	-1208
48150	6749
48165	-9780
48180	9173
48195	-5153
48210	-783
48225	6428
48240	-9682
48255	9335
48270	-5515
48285	-356
48300	6095
48315	-9566
48330	9479
48345	-5866
48360	71
48375	5750
48390	-9433
48405	9607
48420	-6207
48435	498
48450	-9335
48465	9682
48480	-6428
48495	783
48510	5153
48525	-9173
48540	9780
48555	-6749
48570	1208
48585	4783
48600	-8994
48615	9860
48630	-7058
48645	1631
48660	4403
48675	-8799
48690	9922
48705	-7355
48720	2051
48735	4015
48750	-8588
48765	9966
48780	-7638
48795	2468
48810	3620
48825	-8361
48840	9992
48855	-7906
48870	2879
48885	3219
48900	-8119
48915	10000
48930	-8161
48945	3286
48960	-7950
48975	9995
48990	-8322
49005	3554
49020	2537
49035	-7683
49050	9972
49065	-8551
49080	3950
49095	2121
49110	-7403
49125	9931
49140	-8765
49155	4339
49170	1701
49185	-7109
49200	9872
49215	-8963
49230	4720
49245	1279
49260	-6802
49275	9795
49290	-9144
49305	5092
49320	854
49335	-6482
49350	9700
49365	-9309
49380	5455
49395	427
49410	-6151
49425	9587
49440	-9456
49455	5808
49470	-5924
49485	9502
49500	-9545
49515	6038
49530	-285
49545	-5574
49560	9360
49575	-9664
49590	6373
49605	-712
49620	-5214
49635	9201
49650	-9765
49665	6697
49680	-1137
49695	-4845
49710	9025
49725	-9848
49740	7008
49755	-1561
49770	-4467
49785	8833
49800	-9913
49815	7306
49830	-1981
49845	-4080
49860	8624
49875	-9960
49890	7591
49905	-2398
49920	-3687
49935	8400
49950	-9989
49965	7863
49980	-3420
49995	8242
50010	-9998
50025	8035
50040	-3083
50055	-3016
50070	7993
50085	-9997
50100	8282
50115	-3487
50130	-2605
50145	7729
50160	-9977
50175	8514
50190	-3884
50205	-2190
50220	7450
50235	-9939
50250	8731
50265	-4275
50280	-1772
50295	7159
50310	-9883
50325	8931
50340	-4657
50355	-1349
50370	6854
50385	-9809
50400	9115
50415	-5031
50430	-925
50445	6536
50460	-9717
50475	9282
50490	-641
50505	6318
50520	-9645
50535	9385
50550	-5633
50565	-214
50580	5981
50595	-9524
50610	9524
50625	-5981
50640	214
50655	5633
50670	-9385
50685	9645
50700	-6318
50715	641
50730	5275
50745	-9229
50760	9749
50775	-6644
50790	1067
50805	4907
50820	-9056
50835	9835
50850	-6957
50865	1490
50880	4530
50895	-8866
50910	9904
50925	-7257
50940	1912
50955	4145
50970	-8660
50985	9954
51000	2190
51015	3884
51030	-8514
51045	9977
51060	-7729
51075	2605
51090	3487
51105	-8282
51120	9997
51135	-7993
51150	3016
51165	3083
51180	-8035
51195	9998
51210	-8242
51225	3420
51240	2674
51255	-7774
51270	9982
51285	-8477
51300	3819
51315	2260
51330	-7498
51345	9947
51360	-8696
51375	4210
51390	1842
51405	-7208
51420	9894
51435	-8899
51450	4594
51465	1420
51480	-6905
51495	9822
51510	4845
51525	1137
51540	-6697
51555	9765
51570	-9201
51585	5214
51600	712
51615	-6373
51630	9664
51645	-9360
51660	5574
51675	285
51690	-6038
51705	9545
51720	-9502
51735	5924
51750	-142
51765	-5692
51780	9409
51795	-9626
51810	6263
51825	-570
51840	-5335
51855	9256
51870	-9733
51885	6590
51900	-996
51915	-4969
51930	9086
51945	-9822
51960	6905
51975	-1420
51990	-4594
52005	8899
52020	7109
52035	-1701
52050	-4339
52065	8765
52080	-9931
52095	7403
52110	-2121
52125	-3950
52140	8551
52155	-9972
52170	7683
52185	-2537
52200	-3554
52215	8322
52230	-9995
52245	7950
52260	-2948
52275	-3151
52290	8078
52305	-9999
52320	8202
52335	-3353
52350	-2743
52365	7818
52380	-9986
52395	8439
52410	-3753
52425	-2329
52440	7545
52455	-9954
52470	8660
52485	-4145
52500	-1912
52515	7257
52530	8799
52545	-4403
52560	-1631
52575	7058
52590	-9860
52605	8994
52620	-4783
52635	-1208
52650	6749
52665	-9780
52680	9173
52695	-5153
52710	-783
52725	6428
52740	-9682
52755	9335
52770	-5515
52785	-356
52800	6095
52815	-9566
52830	9479
52845	-5866
52860	71
52875	5750
52890	-9433
52905	9607
52920	-6207
52935	498
52950	5396
52965	-9282
52980	9717
52995	-6536
53010	925
53025	5031
53040	9780
53055	-6749
53070	1208
53085	4783
53100	-8994
53115	9860
53130	-7058
53145	1631
53160	4403
53175	-8799
53190	9922
53205	-7355
53220	2051
53235	4015
53250	-8588
53265	9966
53280	-7638
53295	2468
53310	3620
53325	-8361
53340	9992
53355	-7906
53370	2879
53385	3219
53400	-8119
53415	10000
53430	-8161
53445	3286
53460	2811
53475	-7863
53490	9989
53505	-8400
53520	3687
53535	2398
53550	9972
53565	-8551
53580	3950
53595	2121
53610	-7403
53625	9931
53640	-8765
53655	4339
53670	1701
53685	-7109
53700	9872
53715	-8963
53730	4720
53745	1279
53760	-6802
53775	9795
53790	-9144
53805	5092
53820	854
53835	-6482
53850	9700
53865	-9309
53880	5455
53895	427
53910	-6151
53925	9587
53940	-9456
53955	5808
53970	0
53985	-5808
54000	9456
54015	-9587
54030	6151
54045	-427
54060	9360
54075	-9664
54090	6373
54105	-712
54120	-5214
54135	9201
54150	-9765
54165	6697
54180	-1137
54195	-4845
54210	9025
54225	-9848
54240	7008
54255	-1561
54270	-4467
54285	8833
54300	-9913
54315	7306
54330	-1981
54345	-4080
54360	8624
54375	-9960
54390	7591
54405	-2398
54420	-3687
54435	8400
54450	-9989
54465	7863
54480	-2811
54495	-3286
54510	8161
54525	-10000
54540	8119
54555	-3219
54570	7993
54585	-9997
54600	8282
54615	-3487
54630	-2605
54645	7729
54660	-9977
54675	8514
54690	-3884
54705	-2190
54720	7450
54735	-9939
54750	8731
54765	-4275
54780	-1772
54795	7159
54810	-9883
54825	8931
54840	-4657
54855	-1349
54870	6854
54885	-9809
54900	9115
54915	-5031
54930	-925
54945	6536
54960	-9717
54975	9282
54990	-5396
55005	-498
55020	6207
55035	-9607
55050	9433
55065	-5750
55080	5981
55095	-9524
55110	9524
55125	-5981
55140	214
55155	5633
55170	-9385
55185	9645
55200	-6318
55215	641
55230	5275
55245	-9229
55260	9749
55275	-6644
55290	1067
55305	4907
55320	-9056
55335	9835
55350	-6957
55365	1490
55380	4530
55395	-8866
55410	9904
55425	-7257
55440	1912
55455	4145
55470	-8660
55485	9954
55500	-7545
55515	2329
55530	3753
55545	-8439
55560	9986
55575	-7818
55590	3487
55605	-8282
55620	9997
55635	-7993
55650	3016
55665	3083
55680	-8035
55695	9998
55710	-8242
55725	3420
55740	2674
55755	-7774
55770	9982
55785	-8477
55800	3819
55815	2260
55830	-7498
55845	9947
55860	-8696
55875	4210
55890	1842
55905	-7208
55920	9894
55935	-8899
55950	4594
55965	1420
55980	-6905
55995	9822
56010	-9086
56025	4969
56040	996
56055	-6590
56070	9733
56085	-9256
56100	712
56115	-6373
56130	9664
56145	-9360
56160	5574
56175	285
56190	-6038
56205	9545
56220	-9502
56235	5924
56250	-142
56265	-5692
56280	9409
56295	-9626
56310	6263
56325	-570
56340	-5335
56355	9256
56370	-9733
56385	6590
56400	-996
56415	-4969
56430	9086
56445	-9822
56460	6905
56475	-1420
56490	-4594
56505	8899
56520	-9894
56535	7208
56550	-1842
56565	-4210
56580	8696
56595	-9947
56610	-2121
56625	-3950
56640	8551
56655	-9972
56670	7683
56685	-2537
56700	-3554
56715	8322
56730	-9995
56745	7950
56760	-2948
56775	-3151
56790	8078
56805	-9999
56820	8202
56835	-3353
56850	-2743
56865	7818
56880	-9986
56895	8439
56910	-3753
56925	-2329
56940	7545
56955	-9954
56970	8660
56985	-4145
57000	-1912
57015	7257
57030	-9904
57045	8866
57060	-4530
57075	-1490
57090	6957
57105	-9835
57120	-4783
57135	-1208
57150	6749
57165	-9780
57180	9173
57195	-5153
57210	-783
57225	6428
57240	-9682
57255	9335
57270	-5515
57285	-356
57300	6095
57315	-9566
57330	9479
57345	-5866
57360	71
57375	5750
57390	-9433
57405	9607
57420	-6207
57435	498
57450	5396
57465	-9282
57480	9717
57495	-6536
57510	925
57525	5031
57540	-9115
57555	9809
57570	-6854
57585	1349
57600	4657
57615	-8931
57630	-7058
57645	1631
57660	4403
57675	-8799
57690	9922
57705	-7355
57720	2051
57735	4015
57750	-8588
57765	9966
57780	-7638
57795	2468
57810	3620
57825	-8361
57840	9992
57855	-7906
57870	2879
57885	3219
57900	-8119
57915	10000
57930	-8161
57945	3286
57960	2811
57975	-7863
57990	9989
58005	-8400
58020	3687
58035	2398
58050	-7591
58065	9960
58080	-8624
58095	4080
58110	1981
58125	-7306
58140	-8765
58155	4339
58170	1701
58185	-7109
58200	9872
58215	-8963
58230	4720
58245	1279
58260	-6802
58275	9795
58290	-9144
58305	5092
58320	854
58335	-6482
58350	9700
58365	-9309
58380	5455
58395	427
58410	-6151
58425	9587
58440	-9456
58455	5808
58470	0
58485	-5808
58500	9456
58515	-9587
58530	6151
58545	-427
58560	-5455
58575	9309
58590	-9700
58605	6482
58620	-854
58635	-5092
58650	-9765
58665	6697
58680	-1137
58695	-4845
58710	9025
58725	-9848
58740	7008
58755	-1561
58770	-4467
58785	8833
58800	-9913
58815	7306
58830	-1981
58845	-4080
58860	8624
58875	-9960
58890	7591
58905	-2398
58920	-3687
58935	8400
58950	-9989
58965	7863
58980	-2811
58995	-3286
59010	8161
59025	-10000
59040	8119
59055	-3219
59070	-2879
59085	7906
59100	-9992
59115	8361
59130	-3620
59145	-2468
59160	-9977
59175	8514
59190	-3884
59205	-2190
59220	7450
59235	-9939
59250	8731
59265	-4275
59280	-1772
59295	7159
59310	-9883
59325	8931
59340	-4657
59355	-1349
59370	6854
59385	-9809
59400	9115
59415	-5031
59430	-925
59445	6536
59460	-9717
59475	9282
59490	-5396
59505	-498
59520	6207
59535	-9607
59550	9433
59565	-5750
59580	-71
59595	5866
59610	-9479
59625	9566
59640	-6095
59655	356
59670	-9385
59685	9645
59700	-6318
59715	641
59730	5275
59745	-9229
59760	9749
59775	-6644
59790	1067
59805	4907
59820	-9056
59835	9835
59850	-6957
59865	1490
59880	4530
59895	-8866
59910	9904
59925	-7257
59940	1912
59955	4145
59970	-8660
59985	9954
60000	-7545
60015	2329
60030	3753
60045	-8439
60060	9986
60075	-7818
60090	2743
60105	3353
60120	-8202
60135	9999
60150	-8078
60165	3151
60180	-8035
60195	9998
60210	-8242
60225	3420
60240	2674
60255	-7774
60270	9982
60285	-8477
60300	3819
60315	2260
60330	-7498
60345	9947
60360	-8696
60375	4210
60390	1842
60405	-7208
60420	9894
60435	-8899
60450	4594
60465	1420
60480	-6905
60495	9822
60510	-9086
60525	4969
60540	996
60555	-6590
60570	9733
60585	-9256
60600	5335
60615	570
60630	-6263
60645	9626
60660	-9409
60675	5692
60690	-6038
60705	9545
60720	-9502
60735	5924
60750	-142
60765	-5692
60780	9409
60795	-9626
60810	6263
60825	-570
60840	-5335
60855	9256
60870	-9733
60885	6590
60900	-996
60915	-4969
60930	9086
60945	-9822
60960	6905
60975	-1420
60990	-4594
61005	8899
61020	-9894
61035	7208
61050	-1842
61065	-4210
61080	8696
61095	-9947
61110	7498
61125	-2260
61140	-3819
61155	8477
61170	-9982
61185	7774
61200	-3554
61215	8322
61230	-9995
61245	7950
61260	-2948
61275	-3151
61290	8078
61305	-9999
61320	8202
61335	-3353
61350	-2743
61365	7818
61380	-9986
61395	8439
61410	-3753
61425	-2329
61440	7545
61455	-9954
61470	8660
61485	-4145
61500	-1912
61515	7257
61530	-9904
61545	8866
61560	-4530
61575	-1490
61590	6957
61605	-9835
61620	9056
61635	-4907
61650	-1067
61665	6644
61680	-9749
61695	9229
61710	-783
61725	6428
61740	-9682
61755	9335
61770	-5515
61785	-356
61800	6095
61815	-9566
61830	9479
61845	-5866
61860	71
61875	5750
61890	-9433
61905	9607
61920	-6207
61935	498
61950	5396
61965	-9282
61980	9717
61995	-6536
62010	925
62025	5031
62040	-9115
62055	9809
62070	-6854
62085	1349
62100	4657
62115	-8931
62130	9883
62145	-7159
62160	1772
62175	4275
62190	-8731
62205	9939
62220	2051
62235	4015
62250	-8588
62265	9966
62280	-7638
62295	2468
62310	3620
62325	-8361
62340	9992
62355	-7906
62370	2879
62385	3219
62400	-8119
62415	10000
62430	-8161
62445	3286
62460	2811
62475	-7863
62490	9989
62505	-8400
62520	3687
62535	2398
62550	-7591
62565	9960
62580	-8624
62595	4080
62610	1981
62625	-7306
62640	9913
62655	-8833
62670	4467
62685	1561
62700	-7008
62715	9848
62730	4720
62745	1279
62760	-6802
62775	9795
62790	-9144
62805	5092
62820	854
62835	-6482
62850	9700
62865	-9309
62880	5455
62895	427
62910	-6151
62925	9587
62940	-9456
62955	5808
62970	0
62985	-5808
63000	9456
63015	-9587
63030	6151
63045	-427
63060	-5455
63075	9309
63090	-9700
63105	6482
63120	-854
63135	-5092
63150	9144
63165	-9795
63180	6802
63195	-1279
63210	-4720
63225	8963
63240	7008
63255	-1561
63270	-4467
63285	8833
63300	-9913
63315	7306
63330	-1981
63345	-4080
63360	8624
63375	-9960
63390	7591
63405	-2398
63420	-3687
63435	8400
63450	-9989
63465	7863
63480	-2811
63495	-3286
63510	8161
63525	-10000
63540	8119
63555	-3219
63570	-2879
63585	7906
63600	-9992
63615	8361
63630	-3620
63645	-2468
63660	7638
63675	-9966
63690	8588
63705	-4015
63720	-2051
63735	7355
63750	8731
63765	-4275
63780	-1772
63795	7159
63810	-9883
63825	8931
63840	-4657
63855	-1349
63870	6854
63885	-9809
63900	9115
63915	-5031
63930	-925
63945	6536
63960	-9717
63975	9282
63990	-5396
64005	-498
64020	6207
64035	-9607
64050	9433
64065	-5750
64080	-71
64095	5866
64110	-9479
64125	9566
64140	-6095
64155	356
64170	5515
64185	-9335
64200	9682
64215	-6428
64230	783
64245	5153
64260	9749
64275	-6644
64290	1067
64305	4907
64320	-9056
64335	9835
64350	-6957
64365	1490
64380	4530
64395	-8866
64410	9904
64425	-7257
64440	1912
64455	4145
64470	-8660
64485	9954
64500	-7545
64515	2329
64530	3753
64545	-8439
64560	9986
64575	-7818
64590	2743
64605	3353
64620	-8202
64635	9999
64650	-8078
64665	3151
64680	2948
64695	-7950
64710	9995
64725	-8322
64740	3554
64755	2537
64770	9982
64785	-8477
64800	3819
64815	2260
64830	-7498
64845	9947
64860	-8696
64875	4210
64890	1842
64905	-7208
64920	9894
64935	-8899
64950	4594
64965	1420
64980	-6905
64995	9822
65010	-9086
65025	4969
65040	996
65055	-6590
65070	9733
65085	-9256
65100	5335
65115	570
65130	-6263
65145	9626
65160	-9409
65175	5692
65190	142
65205	-5924
65220	9502
65235	-9545
65250	6038
65265	-285
65280	9409
65295	-9626
65310	6263
65325	-570
65340	-5335
65355	9256
65370	-9733
65385	6590
65400	-996
65415	-4969
65430	9086
65445	-9822
65460	6905
65475	-1420
65490	-4594
65505	8899
65520	-9894
65535	7208
65550	-1842
65565	-4210
65580	8696
65595	-9947
65610	7498
65625	-2260
65640	-3819
65655	8477
65670	-9982
65685	7774
65700	-2674
65715	-3420
65730	8242
65745	-9998
65760	8035
65775	-3083
65790	8078
65805	-9999
65820	8202
65835	-3353
65850	-2743
65865	7818
65880	-9986
65895	8439
65910	-3753
65925	-2329
65940	7545
65955	-9954
65970	8660
65985	-4145
66000	-1912
66015	7257
66030	-9904
66045	8866
66060	-4530
66075	-1490
66090	6957
66105	-9835
66120	9056
66135	-4907
66150	-1067
66165	6644
66180	-9749
66195	9229
66210	-5275
66225	-641
66240	6318
66255	-9645
66270	9385
66285	-5633
66300	6095
66315	-9566
66330	9479
66345	-5866
66360	71
66375	5750
66390	-9433
66405	9607
66420	-6207
66435	498
66450	5396
66465	-9282
66480	9717
66495	-6536
66510	925
66525	5031
66540	-9115
66555	9809
66570	-6854
66585	1349
66600	4657
66615	-8931
66630	9883
66645	-7159
66660	1772
66675	4275
66690	-8731
66705	9939
66720	-7450
66735	2190
66750	3884
66765	-8514
66780	9977
66795	-7729
66810	3620
66825	-8361
66840	9992
66855	-7906
66870	2879
66885	3219
66900	-8119
66915	10000
66930	-8161
66945	3286
66960	2811
66975	-7863
66990	9989
67005	-8400
67020	3687
67035	2398
67050	-7591
67065	9960
67080	-8624
67095	4080
67110	1981
67125	-7306
67140	9913
67155	-8833
67170	4467
67185	1561
67200	-7008
67215	9848
67230	-9025
67245	4845
67260	1137
67275	-6697
67290	9765
67305	-9201
67320	854
67335	-6482
67350	9700
67365	-9309
67380	5455
67395	427
67410	-6151
67425	9587
67440	-9456
67455	5808
67470	0
67485	-5808
67500	9456
67515	-9587
67530	6151
67545	-427
67560	-5455
67575	9309
67590	-9700
67605	6482
67620	-854
67635	-5092
67650	9144
67665	-9795
67680	6802
67695	-1279
67710	-4720
67725	8963
67740	-9872
67755	7109
67770	-1701
67785	-4339
67800	8765
67815	-9931
67830	-1981
67845	-4080
67860	8624
67875	-9960
67890	7591
67905	-2398
67920	-3687
67935	8400
67950	-9989
67965	7863
67980	-2811
67995	-3286
68010	8161
68025	-10000
68040	8119
68055	-3219
68070	-2879
68085	7906
68100	-9992
68115	8361
68130	-3620
68145	-2468
68160	7638
68175	-9966
68190	8588
68205	-4015
68220	-2051
68235	7355
68250	-9922
68265	8799
68280	-4403
68295	-1631
68310	7058
68325	-9860
68340	-4657
68355	-1349
68370	6854
68385	-9809
68400	9115
68415	-5031
68430	-925
68445	6536
68460	-9717
68475	9282
68490	-5396
68505	-498
68520	6207
68535	-9607
68550	9433
68565	-5750
68580	-71
68595	5866
68610	-9479
68625	9566
68640	-6095
68655	356
68670	5515
68685	-9335
68700	9682
68715	-6428
68730	783
68745	5153
68760	-9173
68775	9780
68790	-6749
68805	1208
68820	4783
68835	-8994
68850	-6957
68865	1490
68880	4530
68895	-8866
68910	9904
68925	-7257
68940	1912
68955	4145
68970	-8660
68985	9954
69000	-7545
69015	2329
69030	3753
69045	-8439
69060	9986
69075	-7818
69090	2743
69105	3353
69120	-8202
69135	9999
69150	-8078
69165	3151
69180	2948
69195	-7950
69210	9995
69225	-8322
69240	3554
69255	2537
69270	-7683
69285	9972
69300	-8551
69315	3950
69330	2121
69345	-7403
69360	-8696
69375	4210
69390	1842
69405	-7208
69420	9894
69435	-8899
69450	4594
69465	1420
69480	-6905
69495	9822
69510	-9086
69525	4969
69540	996
69555	-6590
69570	9733
69585	-9256
69600	5335
69615	570
69630	-6263
69645	9626
69660	-9409
69675	5692
69690	142
69705	-5924
69720	9502
69735	-9545
69750	6038
69765	-285
69780	-5574
69795	9360
69810	-9664
69825	6373
69840	-712
69855	-5214
69870	-9733
69885	6590
69900	-996
69915	-4969
69930	9086
69945	-9822
69960	6905
69975	-1420
69990	-4594
70005	8899
70020	-9894
70035	7208
70050	-1842
70065	-4210
70080	8696
70095	-9947
70110	7498
70125	-2260
70140	-3819
70155	8477
70170	-9982
70185	7774
70200	-2674
70215	-3420
70230	8242
70245	-9998
70260	8035
70275	-3083
70290	-3016
70305	7993
70320	-9997
70335	8282
70350	-3487
70365	-2605
70380	-9986
70395	8439
70410	-3753
70425	-2329
70440	7545
70455	-9954
70470	8660
70485	-4145
70500	-1912
70515	7257
70530	-9904
70545	8866
70560	-4530
70575	-1490
70590	6957
70605	-9835
70620	9056
70635	-4907
70650	-1067
70665	6644
70680	-9749
70695	9229
70710	-5275
70725	-641
70740	6318
70755	-9645
70770	9385
70785	-5633
70800	-214
70815	5981
70830	-9524
70845	9524
70860	-5981
70875	214
70890	-9433
70905	9607
70920	-6207
70935	498
70950	5396
70965	-9282
70980	9717
70995	-6536
71010	925
71025	5031
71040	-9115
71055	9809
71070	-6854
71085	1349
71100	4657
71115	-8931
71130	9883
71145	-7159
71160	1772
71175	4275
71190	-8731
71205	9939
71220	-7450
71235	2190
71250	3884
71265	-8514
71280	9977
71295	-7729
71310	2605
71325	3487
71340	-8282
71355	9997
71370	-7993
71385	3016
71400	-8119
71415	10000
71430	-8161
71445	3286
71460	2811
71475	-7863
71490	9989
71505	-8400
71520	3687
71535	2398
71550	-7591
71565	9960
71580	-8624
71595	4080
71610	1981
71625	-7306
71640	9913
71655	-8833
71670	4467
71685	1561
71700	-7008
71715	9848
71730	-9025
71745	4845
71760	1137
71775	-6697
71790	9765
71805	-9201
71820	5214
71835	712
71850	-6373
71865	9664
71880	-9360
71895	5574
71910	-6151
71925	9587
71940	-9456
71955	5808
71970	0
71985	-5808
72000	9456
72015	-9587
72030	6151
72045	-427
72060	-5455
72075	9309
72090	-9700
72105	6482
72120	-854
72135	-5092
72150	9144
72165	-9795
72180	6802
72195	-1279
72210	-4720
72225	8963
72240	-9872
72255	7109
72270	-1701
72285	-4339
72300	8765
72315	-9931
72330	7403
72345	-2121
72360	-3950
72375	8551
72390	-9972
72405	7683
72420	-3687
72435	8400
72450	-9989
72465	7863
72480	-2811
72495	-3286
72510	8161
72525	-10000
72540	8119
72555	-3219
72570	-2879
72585	7906
72600	-9992
72615	8361
72630	-3620
72645	-2468
72660	7638
72675	-9966
72690	8588
72705	-4015
72720	-2051
72735	7355
72750	-9922
72765	8799
72780	-4403
72795	-1631
72810	7058
72825	-9860
72840	8994
72855	-4783
72870	-1208
72885	6749
72900	-9780
72915	9173
72930	-925
72945	6536
72960	-9717
72975	9282
72990	-5396
73005	-498
73020	6207
73035	-9607
73050	9433
73065	-5750
73080	-71
73095	5866
73110	-9479
73125	9566
73140	-6095
73155	356
73170	5515
73185	-9335
73200	9682
73215	-6428
73230	783
73245	5153
73260	-9173
73275	9780
73290	-6749
73305	1208
73320	4783
73335	-8994
73350	9860
73365	-7058
73380	1631
73395	4403
73410	-8799
73425	9922
73440	1912
73455	4145
73470	-8660
73485	9954
73500	-7545
73515	2329
73530	3753
73545	-8439
73560	9986
73575	-7818
73590	2743
73605	3353
73620	-8202
73635	9999
73650	-8078
73665	3151
73680	2948
73695	-7950
73710	9995
73725	-8322
73740	3554
73755	2537
73770	-7683
73785	9972
73800	-8551
73815	3950
73830	2121
73845	-7403
73860	9931
73875	-8765
73890	4339
73905	1701
73920	-7109
73935	9872
73950	4594
73965	1420
73980	-6905
73995	9822
74010	-9086
74025	4969
74040	996
74055	-6590
74070	9733
74085	-9256
74100	5335
74115	570
74130	-6263
74145	9626
74160	-9409
74175	5692
74190	142
74205	-5924
74220	9502
74235	-9545
74250	6038
74265	-285
74280	-5574
74295	9360
74310	-9664
74325	6373
74340	-712
74355	-5214
74370	9201
74385	-9765
74400	6697
74415	-1137
74430	-4845
74445	9025
74460	6905
74475	-1420
74490	-4594
74505	8899
74520	-9894
74535	7208
74550	-1842
74565	-4210
74580	8696
74595	-9947
74610	7498
74625	-2260
74640	-3819
74655	8477
74670	-9982
74685	7774
74700	-2674
74715	-3420
74730	8242
74745	-9998
74760	8035
74775	-3083
74790	-3016
74805	7993
74820	-9997
74835	8282
74850	-3487
74865	-2605
74880	7729
74895	-9977
74910	8514
74925	-3884
74940	-2190
74955	7450
74970	8660
74985	-4145
75000	-1912
75015	7257
75030	-9904
75045	8866
75060	-4530
75075	-1490
75090	6957
75105	-9835
75120	9056
75135	-4907
75150	-1067
75165	6644
75180	-9749
75195	9229
75210	-5275
75225	-641
75240	6318
75255	-9645
75270	9385
75285	-5633
75300	-214
75315	5981
75330	-9524
75345	9524
75360	-5981
75375	214
75390	5633
75405	-9385
75420	9645
75435	-6318
75450	641
75465	5275
75480	9717
75495	-6536
75510	925
75525	5031
75540	-9115
75555	9809
75570	-6854
75585	1349
75600	4657
75615	-8931
75630	9883
75645	-7159
75660	1772
75675	4275
75690	-8731
75705	9939
75720	-7450
75735	2190
75750	3884
75765	-8514
75780	9977
75795	-7729
75810	2605
75825	3487
75840	-8282
75855	9997
75870	-7993
75885	3016
75900	3083
75915	-8035
75930	9998
75945	-8242
75960	3420
75975	2674
75990	9989
76005	-8400
76020	3687
76035	2398
76050	-7591
76065	9960
76080	-8624
76095	4080
76110	1981
76125	-7306
76140	9913
76155	-8833
76170	4467
76185	1561
76200	-7008
76215	9848
76230	-9025
76245	4845
76260	1137
76275	-6697
76290	9765
76305	-9201
76320	5214
76335	712
76350	-6373
76365	9664
76380	-9360
76395	5574
76410	285
76425	-6038
76440	9545
76455	-9502
76470	5924
76485	-142
76500	9456
76515	-9587
76530	6151
76545	-427
76560	-5455
76575	9309
76590	-9700
76605	6482
76620	-854
76635	-5092
76650	9144
76665	-9795
76680	6802
76695	-1279
76710	-4720
76725	8963
76740	-9872
76755	7109
76770	-1701
76785	-4339
76800	8765
76815	-9931
76830	7403
76845	-2121
76860	-3950
76875	8551
76890	-9972
76905	7683
76920	-2537
76935	-3554
76950	8322
76965	-9995
76980	7950
76995	-2948
77010	8161
77025	-10000
77040	8119
77055	-3219
77070	-2879
77085	7906
77100	-9992
77115	8361
77130	-3620
77145	-2468
77160	7638
77175	-9966
77190	8588
77205	-4015
77220	-2051
77235	7355
77250	-9922
77265	8799
77280	-4403
77295	-1631
77310	7058
77325	-9860
77340	8994
77355	-4783
77370	-1208
77385	6749
77400	-9780
77415	9173
77430	-5153
77445	-783
77460	6428
77475	-9682
77490	9335
77505	-5515
77520	6207
77535	-9607
77550	9433
77565	-5750
77580	-71
77595	5866
77610	-9479
77625	9566
77640	-6095
77655	356
77670	5515
77685	-9335
77700	9682
77715	-6428
77730	783
77745	5153
77760	-9173
77775	9780
77790	-6749
77805	1208
77820	4783
77835	-8994
77850	9860
77865	-7058
77880	1631
77895	4403
77910	-8799
77925	9922
77940	-7355
77955	2051
77970	4015
77985	-8588
78000	9966
78015	-7638
78030	3753
78045	-8439
78060	9986
78075	-7818
78090	2743
78105	3353
78120	-8202
78135	9999
78150	-8078
78165	3151
78180	2948
78195	-7950
78210	9995
78225	-8322
78240	3554
78255	2537
78270	-7683
78285	9972
78300	-8551
78315	3950
78330	2121
78345	-7403
78360	9931
78375	-8765
78390	4339
78405	1701
78420	-7109
78435	9872
78450	-8963
78465	4720
78480	1279
78495	-6802
78510	9795
78525	-9144
78540	996
78555	-6590
78570	9733
78585	-9256
78600	5335
78615	570
78630	-6263
78645	9626
78660	-9409
78675	5692
78690	142
78705	-5924
78720	9502
78735	-9545
78750	6038
78765	-285
78780	-5574
78795	9360
78810	-9664
78825	6373
78840	-712
78855	-5214
78870	9201
78885	-9765
78900	6697
78915	-1137
78930	-4845
78945	9025
78960	-9848
78975	7008
78990	-1561
79005	-4467
79020	8833
79035	-9913
79050	-1842
79065	-4210
79080	8696
79095	-9947
79110	7498
79125	-2260
79140	-3819
79155	8477
79170	-9982
79185	7774
79200	-2674
79215	-3420
79230	8242
79245	-9998
79260	8035
79275	-3083
79290	-3016
79305	7993
79320	-9997
79335	8282
79350	-3487
79365	-2605
79380	7729
79395	-9977
79410	8514
79425	-3884
79440	-2190
79455	7450
79470	-9939
79485	8731
79500	-4275
79515	-1772
79530	7159
79545	-9883
79560	-4530
79575	-1490
79590	6957
79605	-9835
79620	9056
79635	-4907
79650	-1067
79665	6644
79680	-9749
79695	9229
79710	-5275
79725	-641
79740	6318
79755	-9645
79770	9385
79785	-5633
79800	-214
79815	5981
79830	-9524
79845	9524
79860	-5981
79875	214
79890	5633
79905	-9385
79920	9645
79935	-6318
79950	641
79965	5275
79980	-9229
79995	9749
80010	-6644
80025	1067
80040	4907
80055	-9056
80070	-6854
80085	1349
80100	4657
80115	-8931
80130	9883
80145	-7159
80160	1772
80175	4275
80190	-8731
80205	9939
80220	-7450
80235	2190
80250	3884
80265	-8514
80280	9977
80295	-7729
80310	2605
80325	3487
80340	-8282
80355	9997
80370	-7993
80385	3016
80400	3083
80415	-8035
80430	9998
80445	-8242
80460	3420
80475	2674
80490	-7774
80505	9982
80520	-8477
80535	3819
80550	2260
80565	-7498
80580	-8624
80595	4080
80610	1981
80625	-7306
80640	9913
80655	-8833
80670	4467
80685	1561
80700	-7008
80715	9848
80730	-9025
80745	4845
80760	1137
80775	-6697
80790	9765
80805	-9201
80820	5214
80835	712
80850	-6373
80865	9664
80880	-9360
80895	5574
80910	285
80925	-6038
80940	9545
80955	-9502
80970	5924
80985	-142
81000	-5692
81015	9409
81030	-9626
81045	6263
81060	-570
81075	-5335
81090	-9700
81105	6482
81120	-854
81135	-5092
81150	9144
81165	-9795
81180	6802
81195	-1279
81210	-4720
81225	8963
81240	-9872
81255	7109
81270	-1701
81285	-4339
81300	8765
81315	-9931
81330	7403
81345	-2121
81360	-3950
81375	8551
81390	-9972
81405	7683
81420	-2537
81435	-3554
81450	8322
81465	-9995
81480	7950
81495	-2948
81510	-3151
81525	8078
81540	-9999
81555	8202
81570	-3353
81585	-2743
81600	-9992
81615	8361
81630	-3620
81645	-2468
81660	7638
81675	-9966
81690	8588
81705	-4015
81720	-2051
81735	7355
81750	-9922
81765	8799
81780	-4403
81795	-1631
81810	7058
81825	-9860
81840	8994
81855	-4783
81870	-1208
81885	6749
81900	-9780
81915	9173
81930	-5153
81945	-783
81960	6428
81975	-9682
81990	9335
82005	-5515
82020	-356
82035	6095
82050	-9566
82065	9479
82080	-5866
82095	71
82110	-9479
82125	9566
82140	-6095
82155	356
82170	5515
82185	-9335
82200	9682
82215	-6428
82230	783
82245	5153
82260	-9173
82275	9780
82290	-6749
82305	1208
82320	4783
82335	-8994
82350	9860
82365	-7058
82380	1631
82395	4403
82410	-8799
82425	9922
82440	-7355
82455	2051
82470	4015
82485	-8588
82500	9966
82515	-7638
82530	2468
82545	3620
82560	-8361
82575	9992
82590	-7906
82605	2879
82620	-8202
82635	9999
82650	-8078
82665	3151
82680	2948
82695	-7950
82710	9995
82725	-8322
82740	3554
82755	2537
82770	-7683
82785	9972
82800	-8551
82815	3950
82830	2121
82845	-7403
82860	9931
82875	-8765
82890	4339
82905	1701
82920	-7109
82935	9872
82950	-8963
82965	4720
82980	1279
82995	-6802
83010	9795
83025	-9144
83040	5092
83055	854
83070	-6482
83085	9700
83100	-9309
83115	5455
83130	-6263
83145	9626
83160	-9409
83175	5692
83190	142
83205	-5924
83220	9502
83235	-9545
83250	6038
83265	-285
83280	-5574
83295	9360
83310	-9664
83325	6373
83340	-712
83355	-5214
83370	9201
83385	-9765
83400	6697
83415	-1137
83430	-4845
83445	9025
83460	-9848
83475	7008
83490	-1561
83505	-4467
83520	8833
83535	-9913
83550	7306
83565	-1981
83580	-4080
83595	8624
83610	-9960
83625	7591
83640	-3819
83655	8477
83670	-9982
83685	7774
83700	-2674
83715	-3420
83730	8242
83745	-9998
83760	8035
83775	-3083
83790	-3016
83805	7993
83820	-9997
83835	8282
83850	-3487
83865	-2605
83880	7729
83895	-9977
83910	8514
83925	-3884
83940	-2190
83955	7450
83970	-9939
83985	8731
84000	-4275
84015	-1772
84030	7159
84045	-9883
84060	8931
84075	-4657
84090	-1349
84105	6854
84120	-9809
84135	9115
84150	-1067
84165	6644
84180	-9749
84195	9229
84210	-5275
84225	-641
84240	6318
84255	-9645
84270	9385
84285	-5633
84300	-214
84315	5981
84330	-9524
84345	9524
84360	-5981
84375	214
84390	5633
84405	-9385
84420	9645
84435	-6318
84450	641
84465	5275
84480	-9229
84495	9749
84510	-6644
84525	1067
84540	4907
84555	-9056
84570	9835
84585	-6957
84600	1490
84615	4530
84630	-8866
84645	9904
84660	1772
84675	4275
84690	-8731
84705	9939
84720	-7450
84735	2190
84750	3884
84765	-8514
84780	9977
84795	-7729
84810	2605
84825	3487
84840	-8282
84855	9997
84870	-7993
84885	3016
84900	3083
84915	-8035
84930	9998
84945	-8242
84960	3420
84975	2674
84990	-7774
85005	9982
85020	-8477
85035	3819
85050	2260
85065	-7498
85080	9947
85095	-8696
85110	4210
85125	1842
85140	-7208
85155	9894
85170	4467
85185	1561
85200	-7008
85215	9848
85230	-9025
85245	4845
85260	1137
85275	-6697
85290	9765
85305	-9201
85320	5214
85335	712
85350	-6373
85365	9664
85380	-9360
85395	5574
85410	285
85425	-6038
85440	9545
85455	-9502
85470	5924
85485	-142
85500	-5692
85515	9409
85530	-9626
85545	6263
85560	-570
85575	-5335
85590	9256
85605	-9733
85620	6590
85635	-996
85650	-4969
85665	9086
85680	6802
85695	-1279
85710	-4720
85725	8963
85740	-9872
85755	7109
85770	-1701
85785	-4339
85800	8765
85815	-9931
85830	7403
85845	-2121
85860	-3950
85875	8551
85890	-9972
85905	7683
85920	-2537
85935	-3554
85950	8322
85965	-9995
85980	7950
85995	-2948
86010	-3151
86025	8078
86040	-9999
86055	8202
86070	-3353
86085	-2743
86100	7818
86115	-9986
86130	8439
86145	-3753
86160	-2329
86175	7545
86190	8588
86205	-4015
86220	-2051
86235	7355
86250	-9922
86265	8799
86280	-4403
86295	-1631
86310	7058
86325	-9860
86340	8994
86355	-4783
86370	-1208
86385	6749
86400	-9780
86415	9173
86430	-5153
86445	-783
86460	6428
86475	-9682
86490	9335
86505	-5515
86520	-356
86535	6095
86550	-9566
86565	9479
86580	-5866
86595	71
86610	5750
86625	-9433
86640	9607
86655	-6207
86670	498
86685	5396
86700	9682
86715	-6428
86730	783
86745	5153
86760	-9173
86775	9780
86790	-6749
86805	1208
86820	4783
86835	-8994
86850	9860
86865	-7058
86880	1631
86895	4403
86910	-8799
86925	9922
86940	-7355
86955	2051
86970	4015
86985	-8588
87000	9966
87015	-7638
87030	2468
87045	3620
87060	-8361
87075	9992
87090	-7906
87105	2879
87120	3219
87135	-8119
87150	10000
87165	-8161
87180	3286
87195	2811
87210	9995
87225	-8322
87240	3554
87255	2537
87270	-7683
87285	9972
87300	-8551
87315	3950
87330	2121
87345	-7403
87360	9931
87375	-8765
87390	4339
87405	1701
87420	-7109
87435	9872
87450	-8963
87465	4720
87480	1279
87495	-6802
87510	9795
87525	-9144
87540	5092
87555	854
87570	-6482
87585	9700
87600	-9309
87615	5455
87630	427
87645	-6151
87660	9587
87675	-9456
87690	5808
87705	0
87720	9502
87735	-9545
87750	6038
87765	-285
87780	-5574
87795	9360
87810	-9664
87825	6373
87840	-712
87855	-5214
87870	9201
87885	-9765
87900	6697
87915	-1137
87930	-4845
87945	9025
87960	-9848
87975	7008
87990	-1561
88005	-4467
88020	8833
88035	-9913
88050	7306
88065	-1981
88080	-4080
88095	8624
88110	-9960
88125	7591
88140	-2398
88155	-3687
88170	8400
88185	-9989
88200	7863
88215	-2811
88230	8242
88245	-9998
88260	8035
88275	-3083
88290	-3016
88305	7993
88320	-9997
88335	8282
88350	-3487
88365	-2605
88380	7729
88395	-9977
88410	8514
88425	-3884
88440	-2190
88455	7450
88470	-9939
88485	8731
88500	-4275
88515	-1772
88530	7159
88545	-9883
88560	8931
88575	-4657
88590	-1349
88605	6854
88620	-9809
88635	9115
88650	-5031
88665	-925
88680	6536
88695	-9717
88710	9282
88725	-5396
88740	6318
88755	-9645
88770	9385
88785	-5633
88800	-214
88815	5981
88830	-9524
88845	9524
88860	-5981
88875	214
88890	5633
88905	-9385
88920	9645
88935	-6318
88950	641
88965	5275
88980	-9229
88995	9749
89010	-6644
89025	1067
89040	4907
89055	-9056
89070	9835
89085	-6957
89100	1490
89115	4530
89130	-8866
89145	9904
89160	-7257
89175	1912
89190	4145
89205	-8660
89220	9954
89235	-7545
89250	3884
89265	-8514
89280	9977
89295	-7729
89310	2605
89325	3487
89340	-8282
89355	9997
89370	-7993
89385	3016
89400	3083
89415	-8035
89430	9998
89445	-8242
89460	3420
89475	2674
89490	-7774
89505	9982
89520	-8477
89535	3819
89550	2260
89565	-7498
89580	9947
89595	-8696
89610	4210
89625	1842
89640	-7208
89655	9894
89670	-8899
89685	4594
89700	1420
89715	-6905
89730	9822
89745	-9086
89760	1137
89775	-6697
89790	9765
89805	-9201
89820	5214
89835	712
89850	-6373
89865	9664
89880	-9360
89895	5574
89910	285
89925	-6038
89940	9545
89955	-9502
