100.024             20.806             -0.092
158.511             20.855             -0.197
251.271             20.852             -0.215
398.047             20.854             -0.347
630.878             20.850             -0.525
1000.054             20.852             -0.872
1584.925             20.852             -1.366
2511.963             20.844             -2.200
3981.031             20.837             -3.465
6309.524             20.814             -5.536
9999.983             20.760             -8.620
15848.875             20.618            -13.721
25118.887             20.269            -21.429
39810.687             19.442            -32.896
63095.801             17.740            -47.606
100000.016             15.007            -62.234
158489.309             11.567            -74.896
