5.00000000000000e+005,-7.57775413453308e+001,-9.57847638901149e+001
5.01152619038950e+005,-7.57460019322610e+001,-9.58060185885373e+001
5.02307895139198e+005,-7.57143916782063e+001,-9.58274003058559e+001
5.03465834425902e+005,-7.56827100454963e+001,-9.58489102442729e+001
5.04626443038342e+005,-7.56509564911739e+001,-9.58705496215531e+001
5.05789727129949e+005,-7.56191304669292e+001,-9.58923196712762e+001
5.06955692868340e+005,-7.55872314190311e+001,-9.59142216430938e+001
5.08124346435348e+005,-7.55552587882587e+001,-9.59362568029916e+001
5.09295694027058e+005,-7.55232120098322e+001,-9.59584264335561e+001
5.10469741853840e+005,-7.54910905133409e+001,-9.59807318342474e+001
5.11646496140377e+005,-7.54588937226723e+001,-9.60031743216766e+001
5.12825963125704e+005,-7.54266210559380e+001,-9.60257552298895e+001
5.14008149063236e+005,-7.53942719254004e+001,-9.60484759106546e+001
5.15193060220808e+005,-7.53618457373962e+001,-9.60713377337586e+001
5.16380702880698e+005,-7.53293418922607e+001,-9.60943420873060e+001
5.17571083339672e+005,-7.52967597842493e+001,-9.61174903780261e+001
5.18764207909006e+005,-7.52640988014587e+001,-9.61407840315854e+001
5.19960082914529e+005,-7.52313583257463e+001,-9.61642244929061e+001
5.21158714696652e+005,-7.51985377326488e+001,-9.61878132264919e+001
5.22360109610400e+005,-7.51656363912990e+001,-9.62115517167595e+001
5.23564274025449e+005,-7.51326536643417e+001,-9.62354414683775e+001
5.24771214326161e+005,-7.50995889078480e+001,-9.62594840066118e+001
5.25980936911611e+005,-7.50664414712279e+001,-9.62836808776780e+001
5.27193448195629e+005,-7.50332106971423e+001,-9.63080336491014e+001
5.28408754606829e+005,-7.49998959214127e+001,-9.63325439100842e+001
5.29626862588644e+005,-7.49664964729302e+001,-9.63572132718802e+001
5.30847778599362e+005,-7.49330116735624e+001,-9.63820433681776e+001
5.32071509112157e+005,-7.48994408380587e+001,-9.64070358554893e+001
5.33298060615128e+005,-7.48657832739549e+001,-9.64321924135514e+001
5.34527439611328e+005,-7.48320382814753e+001,-9.64575147457307e+001
5.35759652618802e+005,-7.47982051534338e+001,-9.64830045794398e+001
5.36994706170621e+005,-7.47642831751325e+001,-9.65086636665618e+001
5.38232606814916e+005,-7.47302716242599e+001,-9.65344937838831e+001
5.39473361114913e+005,-7.46961697707863e+001,-9.65604967335365e+001
5.40716975648968e+005,-7.46619768768579e+001,-9.65866743434523e+001
5.41963457010601e+005,-7.46276921966891e+001,-9.66130284678207e+001
5.43212811808532e+005,-7.45933149764530e+001,-9.66395609875627e+001
5.44465046666715e+005,-7.45588444541697e+001,-9.66662738108118e+001
5.45720168224377e+005,-7.45242798595934e+001,-9.66931688734061e+001
5.46978183136045e+005,-7.44896204140970e+001,-9.67202481393907e+001
5.48239098071591e+005,-7.44548653305547e+001,-9.67475136015315e+001
5.49502919716259e+005,-7.44200138132231e+001,-9.67749672818400e+001
5.50769654770706e+005,-7.43850650576198e+001,-9.68026112321092e+001
5.52039309951035e+005,-7.43500182504002e+001,-9.68304475344621e+001
5.53311891988832e+005,-7.43148725692317e+001,-9.68584783019113e+001
5.54587407631199e+005,-7.42796271826666e+001,-9.68867056789320e+001
5.55865863640794e+005,-7.42442812500117e+001,-9.69151318420470e+001
5.57147266795863e+005,-7.42088339211967e+001,-9.69437590004246e+001
5.58431623890279e+005,-7.41732843366392e+001,-9.69725893964911e+001
5.59718941733574e+005,-7.41376316271085e+001,-9.70016253065552e+001
5.61009227150980e+005,-7.41018749135861e+001,-9.70308690414481e+001
5.62302486983461e+005,-7.40660133071241e+001,-9.70603229471771e+001
5.63598728087753e+005,-7.40300459087012e+001,-9.70899894055944e+001
5.64897957336397e+005,-7.39939718090759e+001,-9.71198708350811e+001
5.66200181617777e+005,-7.39577900886371e+001,-9.71499696912466e+001
5.67505407836156e+005,-7.39214998172525e+001,-9.71802884676446e+001
5.68813642911714e+005,-7.38851000541136e+001,-9.72108296965047e+001
5.70124893780582e+005,-7.38485898475784e+001,-9.72415959494821e+001
5.71439167394884e+005,-7.38119682350111e+001,-9.72725898384231e+001
5.72756470722766e+005,-7.37752342426188e+001,-9.73038140161504e+001
5.74076810748439e+005,-7.37383868852858e+001,-9.73352711772646e+001
5.75400194472216e+005,-7.37014251664039e+001,-9.73669640589663e+001
5.76726628910544e+005,-7.36643480777006e+001,-9.73988954418966e+001
5.78056121096047e+005,-7.36271545990637e+001,-9.74310681509977e+001
5.79388678077561e+005,-7.35898436983626e+001,-9.74634850563939e+001
5.80724306920169e+005,-7.35524143312664e+001,-9.74961490742932e+001
5.82063014705243e+005,-7.35148654410590e+001,-9.75290631679117e+001
5.83404808530479e+005,-7.34771959584504e+001,-9.75622303484183e+001
5.84749695509933e+005,-7.34394048013843e+001,-9.75956536759039e+001
5.86097682774063e+005,-7.34014908748430e+001,-9.76293362603729e+001
5.87448777469762e+005,-7.33634530706474e+001,-9.76632812627591e+001
5.88802986760401e+005,-7.33252902672545e+001,-9.76974918959668e+001
5.90160317825862e+005,-7.32870013295505e+001,-9.77319714259364e+001
5.91520777862580e+005,-7.32485851086398e+001,-9.77667231727371e+001
5.92884374083577e+005,-7.32100404416306e+001,-9.78017505116862e+001
5.94251113718507e+005,-7.31713661514158e+001,-9.78370568744957e+001
5.95621004013685e+005,-7.31325610464506e+001,-9.78726457504480e+001
5.96994052232134e+005,-7.30936239205248e+001,-9.79085206876008e+001
5.98370265653619e+005,-7.30545535525318e+001,-9.79446852940215e+001
5.99749651574687e+005,-7.30153487062323e+001,-9.79811432390539e+001
6.01132217308704e+005,-7.29760081300143e+001,-9.80178982546156e+001
6.02517970185896e+005,-7.29365305566477e+001,-9.80549541365290e+001
6.03906917553387e+005,-7.28969147030346e+001,-9.80923147458861e+001
6.05299066775238e+005,-7.28571592699549e+001,-9.81299840104478e+001
6.06694425232486e+005,-7.28172629418065e+001,-9.81679659260796e+001
6.08093000323181e+005,-7.27772243863409e+001,-9.82062645582240e+001
6.09494799462430e+005,-7.27370422543933e+001,-9.82448840434110e+001
6.10899830082433e+005,-7.26967151796077e+001,-9.82838285908077e+001
6.12308099632521e+005,-7.26562417781562e+001,-9.83231024838086e+001
6.13719615579200e+005,-7.26156206484536e+001,-9.83627100816673e+001
6.15134385406188e+005,-7.25748503708650e+001,-9.84026558211712e+001
6.16552416614451e+005,-7.25339295074092e+001,-9.84429442183605e+001
6.17973716722252e+005,-7.24928566014551e+001,-9.84835798702925e+001
6.19398293265181e+005,-7.24516301774124e+001,-9.85245674568529e+001
6.20826153796202e+005,-7.24102487404162e+001,-9.85659117426161e+001
6.22257305885689e+005,-7.23687107760050e+001,-9.86076175787544e+001
6.23691757121468e+005,-7.23270147497929e+001,-9.86496899049998e+001
6.25129515108856e+005,-7.22851591071344e+001,-9.86921337516579e+001
6.26570587470704e+005,-7.22431422727829e+001,-9.87349542416774e+001
6.28014981847434e+005,-7.22009626505423e+001,-9.87781565927755e+001
6.29462705897080e+005,-7.21586186229111e+001,-9.88217461196218e+001
6.30913767295331e+005,-7.21161085507203e+001,-9.88657282360824e+001
6.32368173735572e+005,-7.20734307727623e+001,-9.89101084575263e+001
6.33825932928919e+005,-7.20305836054139e+001,-9.89548924031949e+001
6.35287052604267e+005,-7.19875653422503e+001,-9.90000857986390e+001
6.36751540508327e+005,-7.19443742536519e+001,-9.90456944782232e+001
6.38219404405668e+005,-7.19010085864030e+001,-9.90917243877007e+001
6.39690652078758e+005,-7.18574665632813e+001,-9.91381815868613e+001
6.41165291328007e+005,-7.18137463826404e+001,-9.91850722522547e+001
6.42643329971804e+005,-7.17698462179822e+001,-9.92324026799910e+001
6.44124775846563e+005,-7.17257642175215e+001,-9.92801792886214e+001
6.45609636806763e+005,-7.16814985037408e+001,-9.93284086221025e+001
6.47097920724989e+005,-7.16370471729360e+001,-9.93770973528455e+001
6.48589635491974e+005,-7.15924082947528e+001,-9.94262522848544e+001
6.50084789016641e+005,-7.15475799117133e+001,-9.94758803569552e+001
6.51583389226145e+005,-7.15025600387323e+001,-9.95259886461207e+001
6.53085444065916e+005,-7.14573466626238e+001,-9.95765843708918e+001
6.54590961499699e+005,-7.14119377415968e+001,-9.96276748949010e+001
6.56099949509597e+005,-7.13663312047409e+001,-9.96792677305003e+001
6.57612416096115e+005,-7.13205249515001e+001,-9.97313705424969e+001
6.59128369278199e+005,-7.12745168511363e+001,-9.97839911520015e+001
6.60647817093283e+005,-7.12283047421810e+001,-9.98371375403919e+001
6.62170767597328e+005,-7.11818864318752e+001,-9.98908178533972e+001
6.63697228864865e+005,-7.11352596955976e+001,-9.99450404053051e+001
6.65227208989041e+005,-7.10884222762800e+001,-9.99998136832988e+001
6.66760716081657e+005,-7.10413718838113e+001,-1.00055146351926e+002
6.68297758273216e+005,-7.09941061944271e+001,-1.00111047257707e+002
6.69838343712963e+005,-7.09466228500877e+001,-1.00167525433883e+002
6.71382480568927e+005,-7.08989194578416e+001,-1.00224590105315e+002
6.72930177027969e+005,-7.08509935891756e+001,-1.00282250693534e+002
6.74481441295822e+005,-7.08028427793515e+001,-1.00340516821950e+002
6.76036281597133e+005,-7.07544645267271e+001,-1.00399398321228e+002
6.77594706175513e+005,-7.07058562920638e+001,-1.00458905234828e+002
6.79156723293572e+005,-7.06570154978186e+001,-1.00519047824731e+002
6.80722341232970e+005,-7.06079395274205e+001,-1.00579836577340e+002
6.82291568294457e+005,-7.05586257245317e+001,-1.00641282209574e+002
6.83864412797919e+005,-7.05090713922924e+001,-1.00703395675160e+002
6.85440883082421e+005,-7.04592737925495e+001,-1.00766188171129e+002
6.87020987506252e+005,-7.04092301450679e+001,-1.00829671144523e+002
6.88604734446968e+005,-7.03589376267253e+001,-1.00893856299323e+002
6.90192132301437e+005,-7.03083933706893e+001,-1.00958755603605e+002
6.91783189485885e+005,-7.02575944655764e+001,-1.01024381296933e+002
6.93377914435939e+005,-7.02065379545926e+001,-1.01090745897999e+002
6.94976315606671e+005,-7.01552208346558e+001,-1.01157862212519e+002
6.96578401472646e+005,-7.01036400554986e+001,-1.01225743341393e+002
6.98184180527963e+005,-7.00517925187520e+001,-1.01294402689140e+002
6.99793661286303e+005,-6.99996750770090e+001,-1.01363853972626e+002
7.01406852280973e+005,-6.99472845328677e+001,-1.01434111230080e+002
7.03023762064951e+005,-6.98946176379541e+001,-1.01505188830428e+002
7.04644399210931e+005,-6.98416710919238e+001,-1.01577101482944e+002
7.06268772311371e+005,-6.97884415414414e+001,-1.01649864247241e+002
7.07896889978535e+005,-6.97349255791391e+001,-1.01723492543599e+002
7.09528760844540e+005,-6.96811197425519e+001,-1.01798002163671e+002
7.11164393561404e+005,-6.96270205130303e+001,-1.01873409281552e+002
7.12803796801088e+005,-6.95726243146303e+001,-1.01949730465246e+002
7.14446979255545e+005,-6.95179275129794e+001,-1.02026982688538e+002
7.16093949636765e+005,-6.94629264141179e+001,-1.02105183343298e+002
7.17744716676821e+005,-6.94076172633173e+001,-1.02184350252215e+002
7.19399289127916e+005,-6.93519962438724e+001,-1.02264501682000e+002
7.21057675762428e+005,-6.92960594758690e+001,-1.02345656357069e+002
7.22719885372957e+005,-6.92398030149258e+001,-1.02427833473718e+002
7.24385926772374e+005,-6.91832228509103e+001,-1.02511052714826e+002
7.26055808793864e+005,-6.91263149066286e+001,-1.02595334265095e+002
7.27729540290976e+005,-6.90690750364884e+001,-1.02680698826860e+002
7.29407130137667e+005,-6.90114990251349e+001,-1.02767167636486e+002
7.31088587228352e+005,-6.89535825860599e+001,-1.02854762481376e+002
7.32773920477949e+005,-6.88953213601831e+001,-1.02943505717627e+002
7.34463138821926e+005,-6.88367109144058e+001,-1.03033420288350e+002
7.36156251216352e+005,-6.87777467401367e+001,-1.03124529742689e+002
7.37853266637940e+005,-6.87184242517894e+001,-1.03216858255569e+002
7.39554194084096e+005,-6.86587387852521e+001,-1.03310430648200e+002
7.41259042572969e+005,-6.85986855963290e+001,-1.03405272409383e+002
7.42967821143496e+005,-6.85382598591529e+001,-1.03501409717632e+002
7.44680538855450e+005,-6.84774566645704e+001,-1.03598869464177e+002
7.46397204789491e+005,-6.84162710184984e+001,-1.03697679276855e+002
7.48117828047209e+005,-6.83546978402530e+001,-1.03797867544960e+002
7.49842417751179e+005,-6.82927319608507e+001,-1.03899463445071e+002
7.51570983045004e+005,-6.82303681212826e+001,-1.04002496967914e+002
7.53303533093363e+005,-6.81676009707612e+001,-1.04106998946308e+002
7.55040077082067e+005,-6.81044250649418e+001,-1.04213001084231e+002
7.56780624218096e+005,-6.80408348641179e+001,-1.04320535987078e+002
7.58525183729661e+005,-6.79768247313924e+001,-1.04429637193139e+002
7.60273764866240e+005,-6.79123889308247e+001,-1.04540339206385e+002
7.62026376898638e+005,-6.78475216255560e+001,-1.04652677530592e+002
7.63783029119028e+005,-6.77822168759128e+001,-1.04766688704892e+002
7.65543730841007e+005,-6.77164686374919e+001,-1.04882410340802e+002
7.67308491399639e+005,-6.76502707592268e+001,-1.04999881160802e+002
7.69077320151509e+005,-6.75836169814390e+001,-1.05119141038547e+002
7.70850226474772e+005,-6.75165009338756e+001,-1.05240231040773e+002
7.72627219769199e+005,-6.74489161337367e+001,-1.05363193470996e+002
7.74408309456232e+005,-6.73808559836946e+001,-1.05488071915082e+002
7.76193504979033e+005,-6.73123137699088e+001,-1.05614911288770e+002
7.77982815802529e+005,-6.72432826600403e+001,-1.05743757887259e+002
7.79776251413468e+005,-6.71737557012689e+001,-1.05874659436951e+002
7.81573821320468e+005,-6.71037258183191e+001,-1.06007665149455e+002
7.83375535054066e+005,-6.70331858114990e+001,-1.06142825777957e+002
7.85181402166768e+005,-6.69621283547575e+001,-1.06280193676094e+002
7.86991432233101e+005,-6.68905459937681e+001,-1.06419822859427e+002
7.88805634849665e+005,-6.68184311440435e+001,-1.06561769069665e+002
7.90624019635183e+005,-6.67457760890911e+001,-1.06706089841762e+002
7.92446596230548e+005,-6.66725729786174e+001,-1.06852844574042e+002
7.94273374298880e+005,-6.65988138267898e+001,-1.07002094601493e+002
7.96104363525576e+005,-6.65244905105685e+001,-1.07153903272400e+002
7.97939573618357e+005,-6.64495947681175e+001,-1.07308336028471e+002
7.99779014307325e+005,-6.63741181973097e+001,-1.07465460488654e+002
8.01622695345012e+005,-6.62980522543395e+001,-1.07625346536804e+002
8.03470626506429e+005,-6.62213882524574e+001,-1.07788066413422e+002
8.05322817589126e+005,-6.61441173608466e+001,-1.07953694811657e+002
8.07179278413234e+005,-6.60662306036564e+001,-1.08122308977793e+002
8.09040018821523e+005,-6.59877188592176e+001,-1.08293988816451e+002
8.10905048679455e+005,-6.59085728594590e+001,-1.08468817000742e+002
8.12774377875232e+005,-6.58287831895531e+001,-1.08646879087632e+002
8.14648016319852e+005,-6.57483402878158e+001,-1.08828263638782e+002
8.16525973947157e+005,-6.56672344458937e+001,-1.09013062347135e+002
8.18408260713894e+005,-6.55854558092694e+001,-1.09201370169566e+002
8.20294886599760e+005,-6.55029943781232e+001,-1.09393285465871e+002
8.22185861607456e+005,-6.54198400085913e+001,-1.09588910144459e+002
8.24081195762744e+005,-6.53359824144637e+001,-1.09788349815053e+002
8.25980899114497e+005,-6.52514111693720e+001,-1.09991713948780e+002
8.27884981734754e+005,-6.51661157095190e+001,-1.10199116046011e+002
8.29793453718770e+005,-6.50800853370096e+001,-1.10410673812351e+002
8.31706325185074e+005,-6.49933092238463e+001,-1.10626509343185e+002
8.33623606275521e+005,-6.49057764166607e+001,-1.10846749317206e+002
8.35545307155343e+005,-6.48174758422585e+001,-1.11071525199376e+002
8.37471438013208e+005,-6.47283963140621e+001,-1.11300973453780e+002
8.39402009061269e+005,-6.46385265395440e+001,-1.11535235766860e+002
8.41337030535223e+005,-6.45478551287551e+001,-1.11774459281528e+002
8.43276512694360e+005,-6.44563706040576e+001,-1.12018796842682e+002
8.45220465821621e+005,-6.43640614111872e+001,-1.12268407254650e+002
8.47168900223653e+005,-6.42709159317795e+001,-1.12523455551134e+002
8.49121826230861e+005,-6.41769224975081e+001,-1.12784113278198e+002
8.51079254197464e+005,-6.40820694059980e+001,-1.13050558790906e+002
8.53041194501551e+005,-6.39863449386908e+001,-1.13322977564176e+002
8.55007657545133e+005,-6.38897373808591e+001,-1.13601562518461e+002
8.56978653754201e+005,-6.37922350439824e+001,-1.13886514360867e+002
8.58954193578783e+005,-6.36938262907209e+001,-1.14178041942282e+002
8.60934287492992e+005,-6.35944995627429e+001,-1.14476362631141e+002
8.62918945995090e+005,-6.34942434116887e+001,-1.14781702704387e+002
8.64908179607539e+005,-6.33930465335795e+001,-1.15094297756189e+002
8.66901998877057e+005,-6.32908978070083e+001,-1.15414393124951e+002
8.68900414374676e+005,-6.31877863354840e+001,-1.15742244339089e+002
8.70903436695795e+005,-6.30837014943311e+001,-1.16078117582003e+002
8.72911076460240e+005,-6.29786329825900e+001,-1.16422290176586e+002
8.74923344312317e+005,-6.28725708803979e+001,-1.16775051089547e+002
8.76940250920868e+005,-6.27655057123792e+001,-1.17136701455662e+002
8.78961806979334e+005,-6.26574285176216e+001,-1.17507555121965e+002
8.80988023205802e+005,-6.25483309268625e+001,-1.17887939211699e+002
8.83018910343070e+005,-6.24382052475706e+001,-1.18278194707622e+002
8.85054479158698e+005,-6.23270445576638e+001,-1.18678677054038e+002
8.87094740445070e+005,-6.22148428086697e+001,-1.19089756776591e+002
8.89139705019449e+005,-6.21015949392029e+001,-1.19511820118513e+002
8.91189383724032e+005,-6.19872969997049e+001,-1.19945269691596e+002
8.93243787426013e+005,-6.18719462894684e+001,-1.20390525139625e+002
8.95302927017634e+005,-6.17555415070465e+001,-1.20848023811477e+002
8.97366813416250e+005,-6.16380829152298e+001,-1.21318221440327e+002
8.99435457564381e+005,-6.15195725218600e+001,-1.21801592824670e+002
9.01508870429771e+005,-6.14000142778304e+001,-1.22298632505897e+002
9.03587063005450e+005,-6.12794142937140e+001,-1.22809855436094e+002
9.05670046309788e+005,-6.11577810765381e+001,-1.23335797628491e+002
9.07757831386554e+005,-6.10351257883053e+001,-1.23877016781583e+002
9.09850429304978e+005,-6.09114625279325e+001,-1.24434092866273e+002
9.11947851159805e+005,-6.07868086383355e+001,-1.25007628663562e+002
9.14050108071357e+005,-6.06611850404343e+001,-1.25598250238184e+002
9.16157211185592e+005,-6.05346165958722e+001,-1.26206607331182e+002
9.18269171674159e+005,-6.04071325002376e+001,-1.26833373651750e+002
9.20386000734464e+005,-6.02787667085289e+001,-1.27479247045643e+002
9.22507709589723e+005,-6.01495583945131e+001,-1.28144949514112e+002
9.24634309489025e+005,-6.00195524454738e+001,-1.28831227053598e+002
9.26765811707391e+005,-5.98887999936201e+001,-1.29538849282397e+002
9.28902227545835e+005,-5.97573589851072e+001,-1.30268608816045e+002
9.31043568331419e+005,-5.96252947871962e+001,-1.31021320348461e+002
9.33189845417320e+005,-5.94926808335193e+001,-1.31797819390841e+002
9.35341070182886e+005,-5.93595993067057e+001,-1.32598960615038e+002
9.37497254033695e+005,-5.92261418567267e+001,-1.33425615742776e+002
9.39658408401619e+005,-5.90924103522162e+001,-1.34278670916708e+002
9.41824544744885e+005,-5.89585176606749e+001,-1.35159023484166e+002
9.43995674548132e+005,-5.88245884518585e+001,-1.36067578119789e+002
9.46171809322473e+005,-5.86907600167383e+001,-1.37005242209349e+002
9.48352960605558e+005,-5.85571830921935e+001,-1.37972920414392e+002
9.50539139961635e+005,-5.84240226790293e+001,-1.38971508336415e+002
9.52730358981608e+005,-5.82914588380054e+001,-1.40001885200579e+002
9.54926629283104e+005,-5.81596874453196e+001,-1.41064905483367e+002
9.57127962510527e+005,-5.80289208854461e+001,-1.42161389416737e+002
9.59334370335129e+005,-5.78993886554507e+001,-1.43292112314172e+002
9.61545864455063e+005,-5.77713378509787e+001,-1.44457792682460e+002
9.63762456595452e+005,-5.76450335001845e+001,-1.45659079108060e+002
9.65984158508446e+005,-5.75207587081367e+001,-1.46896535939291e+002
9.68210981973288e+005,-5.73988145709353e+001,-1.48170627826119e+002
9.70442938796373e+005,-5.72795198162268e+001,-1.49481703228417e+002
9.72680040811315e+005,-5.71632101253717e+001,-1.50829977061277e+002
9.74922299879006e+005,-5.70502370926183e+001,-1.52215512711657e+002
9.77169727887681e+005,-5.69409667787234e+001,-1.53638203733132e+002
9.79422336752978e+005,-5.68357778209884e+001,-1.55097755602418e+002
9.81680138418007e+005,-5.67350590690775e+001,-1.56593667999508e+002
9.83943144853406e+005,-5.66392067265873e+001,-1.58125218148136e+002
9.86211368057410e+005,-5.65486209923448e+001,-1.59691445819480e+002
9.88484820055914e+005,-5.64637022128013e+001,-1.61291140653041e+002
9.90763512902532e+005,-5.63848465773684e+001,-1.62922832477444e+002
9.93047458678669e+005,-5.63124414114779e+001,-1.64584785313528e+002
9.95336669493576e+005,-5.62468601465434e+001,-1.66274995706040e+002
9.97631157484423e+005,-5.61884570704986e+001,-1.67991195953612e+002
9.99930934816355e+005,-5.61375619855167e+001,-1.69730862687088e+002
1.00223601368256e+006,-5.60944749189983e+001,-1.71491231084226e+002
1.00454640630435e+006,-5.60594610480241e+001,-1.73269314809156e+002
1.00686212493118e+006,-5.60327460044226e+001,-1.75061931536259e+002
1.00918318184076e+006,-5.60145117259943e+001,-1.76865733673175e+002
1.01150958933912e+006,-5.60048930084309e+001,-1.78677243652099e+002
1.01384135976062e+006,-5.60039748919977e+001,1.79507107069864e+002
1.01617850546809e+006,-5.60117909878779e+001,1.77690936354137e+002
1.01852103885284e+006,-5.60283228128065e+001,1.75877868263665e+002
1.02086897233475e+006,-5.60535001595917e+001,1.74071489761243e+002
1.02322231836232e+006,-5.60872024881330e+001,1.72275308509179e+002
1.02558108941276e+006,-5.61292612796556e+001,1.70492712995721e+002
1.02794529799205e+006,-5.61794632589853e+001,1.68726936087691e+002
1.03031495663498e+006,-5.62375543582932e+001,1.66981022928160e+002
1.03269007790525e+006,-5.63032442726688e+001,1.65257803877730e+002
1.03507067439550e+006,-5.63762114441441e+001,1.63559872955561e+002
1.03745675872744e+006,-5.64561083065578e+001,1.61889571989376e+002
1.03984834355183e+006,-5.65425666282746e+001,1.60248980448925e+002
1.04224544154863e+006,-5.66352028020153e+001,1.58639910728326e+002
1.04464806542700e+006,-5.67336229491910e+001,1.57063908469332e+002
1.04705622792543e+006,-5.68374277282808e+001,1.55522257385532e+002
1.04946994181174e+006,-5.69462167610221e+001,1.54015987958794e+002
1.05188921988322e+006,-5.70595926147607e+001,1.52545889331965e+002
1.05431407496663e+006,-5.71771643027797e+001,1.51112523711921e+002
1.05674451991830e+006,-5.72985502856860e+001,1.49716242618223e+002
1.05918056762423e+006,-5.74233809752489e+001,1.48357204358059e+002
1.06162223100009e+006,-5.75513007570724e+001,1.47035392170680e+002
1.06406952299134e+006,-5.76819695600462e+001,1.45750632557579e+002
1.06652245657327e+006,-5.78150640088031e+001,1.44502613392355e+002
1.06898104475110e+006,-5.79502782007195e+001,1.43290901481880e+002
1.07144530056001e+006,-5.80873241517291e+001,1.42114959324390e+002
1.07391523706525e+006,-5.82259319558464e+001,1.40974160877929e+002
1.07639086736217e+006,-5.83658497022507e+001,1.39867806212672e+002
1.07887220457631e+006,-5.85068431915154e+001,1.38795134972204e+002
1.08135926186349e+006,-5.86486954894487e+001,1.37755338611796e+002
1.08385205240983e+006,-5.87912063533696e+001,1.36747571416381e+002
1.08635058943185e+006,-5.89341915617538e+001,1.35770960327939e+002
1.08885488617656e+006,-5.90774821742395e+001,1.34824613632256e+002
1.09136495592148e+006,-5.92209237451503e+001,1.33907628569335e+002
1.09388081197476e+006,-5.93643755100740e+001,1.33019097941180e+002
1.09640246767520e+006,-5.95077095617059e+001,1.32158115795998e+002
1.09892993639239e+006,-5.96508100281578e+001,1.31323782270028e+002
1.10146323152671e+006,-5.97935722642716e+001,1.30515207667815e+002
1.10400236650943e+006,-5.99359020641516e+001,1.29731515859533e+002
1.10654735480280e+006,-6.00777149011292e+001,1.28971847070371e+002
1.10909820990009e+006,-6.02189351996843e+001,1.28235360132522e+002
1.11165494532568e+006,-6.03594956424236e+001,1.27521234265276e+002
1.11421757463513e+006,-6.04993365140524e+001,1.26828670443406e+002
1.11678611141524e+006,-6.06384050833177e+001,1.26156892408631e+002
1.11936056928415e+006,-6.07766550231455e+001,1.25505147373654e+002
1.12194096189136e+006,-6.09140458685891e+001,1.24872706463158e+002
1.12452730291787e+006,-6.10505425117458e+001,1.24258864931306e+002
1.12711960607619e+006,-6.11861147324545e+001,1.23662942190782e+002
1.12971788511047e+006,-6.13207367633309e+001,1.23084281684260e+002
1.13232215379651e+006,-6.14543868875309e+001,1.22522250625348e+002
1.13493242594189e+006,-6.15870470675187e+001,1.21976239632650e+002
1.13754871538601e+006,-6.17187026030630e+001,1.21445662277429e+002
1.14017103600019e+006,-6.18493418166639e+001,1.20929954562624e+002
1.14279940168769e+006,-6.19789557646300e+001,1.20428574348469e+002
1.14543382638386e+006,-6.21075379720606e+001,1.19941000737765e+002
1.14807432405616e+006,-6.22350841900453e+001,1.19466733431975e+002
1.15072090870423e+006,-6.23615921734590e+001,1.19005292067537e+002
1.15337359436001e+006,-6.24870614778104e+001,1.18556215540396e+002
1.15603239508777e+006,-6.26114932736802e+001,1.18119061325381e+002
1.15869732498422e+006,-6.27348901773728e+001,1.17693404796001e+002
1.16136839817853e+006,-6.28572560964896e+001,1.17278838549217e+002
1.16404562883248e+006,-6.29785960892159e+001,1.16874971738926e+002
1.16672903114048e+006,-6.30989162362003e+001,1.16481429421185e+002
1.16941861932965e+006,-6.32182235239783e+001,1.16097851913558e+002
1.17211440765994e+006,-6.33365257389774e+001,1.15723894170474e+002
1.17481641042413e+006,-6.34538313712061e+001,1.15359225176013e+002
1.17752464194798e+006,-6.35701495268038e+001,1.15003527355178e+002
1.18023911659026e+006,-6.36854898486907e+001,1.14656496004364e+002
1.18295984874285e+006,-6.37998624446184e+001,1.14317838741501e+002
1.18568685283080e+006,-6.39132778219792e+001,1.13987274976100e+002
1.18842014331241e+006,-6.40257468287842e+001,1.13664535399254e+002
1.19115973467932e+006,-6.41372806002684e+001,1.13349361493489e+002
1.19390564145656e+006,-6.42478905106304e+001,1.13041505062247e+002
1.19665787820267e+006,-6.43575881294493e+001,1.12740727778671e+002
1.19941645950972e+006,-6.44663851823675e+001,1.12446800753283e+002
1.20218140000344e+006,-6.45742935156576e+001,1.12159504120098e+002
1.20495271434327e+006,-6.46813250643280e+001,1.11878626640647e+002
1.20773041722244e+006,-6.47874918234504e+001,1.11603965325364e+002
1.21051452336806e+006,-6.48928058224186e+001,1.11335325071764e+002
1.21330504754118e+006,-6.49972791018769e+001,1.11072518318819e+002
1.21610200453688e+006,-6.51009236930751e+001,1.10815364716933e+002
1.21890540918435e+006,-6.52037515994314e+001,1.10563690812909e+002
1.22171527634696e+006,-6.53057747801020e+001,1.10317329749321e+002
1.22453162092235e+006,-6.54070051353749e+001,1.10076120977688e+002
1.22735445784249e+006,-6.55074544937206e+001,1.09839909984862e+002
1.23018380207379e+006,-6.56071346003488e+001,1.09608548032076e+002
1.23301966861714e+006,-6.57060571071298e+001,1.09381891906076e+002
1.23586207250804e+006,-6.58042335637578e+001,1.09159803681811e+002
1.23871102881662e+006,-6.59016754100379e+001,1.08942150496144e+002
1.24156655264776e+006,-6.59983939691926e+001,1.08728804332083e+002
1.24442865914117e+006,-6.60944004420936e+001,1.08519641813049e+002
1.24729736347145e+006,-6.61897059023284e+001,1.08314544006701e+002
1.25017268084819e+006,-6.62843212920265e+001,1.08113396237869e+002
1.25305462651603e+006,-6.63782574183682e+001,1.07916087910170e+002
1.25594321575476e+006,-6.64715249507143e+001,1.07722512335876e+002
1.25883846387940e+006,-6.65641344182928e+001,1.07532566573659e+002
1.26174038624026e+006,-6.66560962083909e+001,1.07346151273814e+002
1.26464899822304e+006,-6.67474205650005e+001,1.07163170530605e+002
1.26756431524893e+006,-6.68381175878722e+001,1.06983531741399e+002
1.27048635277462e+006,-6.69281972319374e+001,1.06807145472235e+002
1.27341512629249e+006,-6.70176693070591e+001,1.06633925329544e+002
1.27635065133059e+006,-6.71065434780790e+001,1.06463787837695e+002
1.27929294345279e+006,-6.71948292651277e+001,1.06296652322098e+002
1.28224201825883e+006,-6.72825360441719e+001,1.06132440797593e+002
1.28519789138440e+006,-6.73696730477704e+001,1.05971077861857e+002
1.28816057850126e+006,-6.74562493660175e+001,1.05812490593601e+002
1.29113009531727e+006,-6.75422739476506e+001,1.05656608455309e+002
1.29410645757652e+006,-6.76277556013044e+001,1.05503363200307e+002
1.29708968105938e+006,-6.77127029968922e+001,1.05352688783955e+002
1.30007978158261e+006,-6.77971246671001e+001,1.05204521278755e+002
1.30307677499942e+006,-6.78810290089779e+001,1.05058798793187e+002
1.30608067719957e+006,-6.79644242856150e+001,1.04915461394102e+002
1.30909150410946e+006,-6.80473186278880e+001,1.04774451032495e+002
1.31210927169219e+006,-6.81297200362704e+001,1.04635711472487e+002
1.31513399594766e+006,-6.82116363826933e+001,1.04499188223389e+002
1.31816569291266e+006,-6.82930754124496e+001,1.04364828474668e+002
1.32120437866094e+006,-6.83740447461323e+001,1.04232581033705e+002
1.32425006930332e+006,-6.84545518816012e+001,1.04102396266201e+002
1.32730278098774e+006,-6.85346041959695e+001,1.03974226039098e+002
1.33036252989937e+006,-6.86142089476066e+001,1.03848023665920e+002
1.33342933226071e+006,-6.86933732781497e+001,1.03723743854394e+002
1.33650320433162e+006,-6.87721042145214e+001,1.03601342656264e+002
1.33958416240948e+006,-6.88504086709474e+001,1.03480777419190e+002
1.34267222282922e+006,-6.89282934509714e+001,1.03362006740630e+002
1.34576740196343e+006,-6.90057652494634e+001,1.03244990423624e+002
1.34886971622243e+006,-6.90828306546190e+001,1.03129689434384e+002
1.35197918205439e+006,-6.91594961499457e+001,1.03016065861610e+002
1.35509581594539e+006,-6.92357681162354e+001,1.02904082877458e+002
1.35821963441951e+006,-6.93116528335195e+001,1.02793704700074e+002
1.36135065403892e+006,-6.93871564830060e+001,1.02684896557639e+002
1.36448889140399e+006,-6.94622851489962e+001,1.02577624653841e+002
1.36763436315332e+006,-6.95370448207796e+001,1.02471856134719e+002
1.37078708596391e+006,-6.96114413945060e+001,1.02367559056822e+002
1.37394707655116e+006,-6.96854806750345e+001,1.02264702356611e+002
1.37711435166905e+006,-6.97591683777564e+001,1.02163255821058e+002
1.38028892811014e+006,-6.98325101303936e+001,1.02063190059396e+002
1.38347082270572e+006,-6.99055114747706e+001,1.01964476475951e+002
1.38666005232589e+006,-6.99781778685598e+001,1.01867087244028e+002
1.38985663387961e+006,-7.00505146869997e+001,1.01770995280792e+002
1.39306058431485e+006,-7.01225272245862e+001,1.01676174223107e+002
1.39627192061863e+006,-7.01942206967357e+001,1.01582598404293e+002
1.39949065981715e+006,-7.02656002414212e+001,1.01490242831758e+002
1.40271681897582e+006,-7.03366709207805e+001,1.01399083165463e+002
1.40595041519943e+006,-7.04074377226962e+001,1.01309095697203e+002
1.40919146563219e+006,-7.04779055623490e+001,1.01220257330649e+002
1.41243998745782e+006,-7.05480792837425e+001,1.01132545562122e+002
1.41569599789965e+006,-7.06179636612012e+001,1.01045938462091e+002
1.41895951422074e+006,-7.06875634008411e+001,1.00960414657329e+002
1.42223055372392e+006,-7.07568831420134e+001,1.00875953313726e+002
1.42550913375192e+006,-7.08259274587217e+001,1.00792534119730e+002
1.42879527168744e+006,-7.08947008610120e+001,1.00710137270370e+002
1.43208898495325e+006,-7.09632077963380e+001,1.00628743451868e+002
1.43539029101231e+006,-7.10314526508992e+001,1.00548333826786e+002
1.43869920736780e+006,-7.10994397509543e+001,1.00468890019703e+002
1.44201575156327e+006,-7.11671733641101e+001,1.00390394103409e+002
1.44533994118270e+006,-7.12346577005843e+001,1.00312828585564e+002
1.44867179385062e+006,-7.13018969144456e+001,1.00236176395838e+002
1.45201132723219e+006,-7.13688951048292e+001,1.00160420873497e+002
1.45535855903326e+006,-7.14356563171284e+001,1.00085545755409e+002
1.45871350700055e+006,-7.15021845441646e+001,1.00011535164472e+002
1.46207618892163e+006,-7.15684837273333e+001,9.99383735984365e+001
1.46544662262512e+006,-7.16345577577284e+001,9.98660459191046e+001
1.46882482598073e+006,-7.17004104772454e+001,9.97945373419019e+001
1.47221081689934e+006,-7.17660456796625e+001,9.97238334257966e+001
1.47560461333315e+006,-7.18314671117009e+001,9.96539200635591e+001
1.47900623327573e+006,-7.18966784740653e+001,9.95847834723466e+001
1.48241569476213e+006,-7.19616834224638e+001,9.95164101846016e+001
1.48583301586897e+006,-7.20264855686082e+001,9.94487870392507e+001
1.48925821471456e+006,-7.20910884811958e+001,9.93819011731944e+001
1.49269130945894e+006,-7.21554956868716e+001,9.93157400130750e+001
1.49613231830405e+006,-7.22197106711731e+001,9.92502912673136e+001
1.49958125949379e+006,-7.22837368794561e+001,9.91855429184058e+001
1.50303815131407e+006,-7.23475777178042e+001,9.91214832154658e+001
1.50650301209302e+006,-7.24112365539204e+001,9.90581006670112e+001
1.50997586020097e+006,-7.24747167180024e+001,9.89953840339781e+001
1.51345671405061e+006,-7.25380215036013e+001,9.89333223229593e+001
1.51694559209709e+006,-7.26011541684650e+001,9.88719047796563e+001
1.52044251283810e+006,-7.26641179353653e+001,9.88111208825393e+001
1.52394749481395e+006,-7.27269159929107e+001,9.87509603367048e+001
1.52746055660771e+006,-7.27895514963437e+001,9.86914130679268e+001
1.53098171684530e+006,-7.28520275683243e+001,9.86324692168924e+001
1.53451099419554e+006,-7.29143472996991e+001,9.85741191336166e+001
1.53804840737031e+006,-7.29765137502570e+001,9.85163533720287e+001
1.54159397512463e+006,-7.30385299494714e+001,9.84591626847261e+001
1.54514771625675e+006,-7.31003988972296e+001,9.84025380178874e+001
1.54870964960825e+006,-7.31621235645495e+001,9.83464705063413e+001
1.55227979406414e+006,-7.32237068942838e+001,9.82909514687845e+001
1.55585816855297e+006,-7.32851518018126e+001,9.82359724031438e+001
1.55944479204693e+006,-7.33464611757245e+001,9.81815249820778e+001
1.56303968356193e+006,-7.34076378784854e+001,9.81276010486131e+001
1.56664286215775e+006,-7.34686847470976e+001,9.80741926119106e+001
1.57025434693807e+006,-7.35296045937471e+001,9.80212918431569e+001
1.57387415705061e+006,-7.35904002064414e+001,9.79688910715776e+001
1.57750231168727e+006,-7.36510743496363e+001,9.79169827805672e+001
1.58113883008415e+006,-7.37116297648539e+001,9.78655596039330e+001
1.58478373152170e+006,-7.37720691712897e+001,9.78146143222479e+001
1.58843703532484e+006,-7.38323952664121e+001,9.77641398593096e+001
1.59209876086302e+006,-7.38926107265514e+001,9.77141292787014e+001
1.59576892755034e+006,-7.39527182074811e+001,9.76645757804531e+001
1.59944755484565e+006,-7.40127203449903e+001,9.76154726977970e+001
1.60313466225269e+006,-7.40726197554480e+001,9.75668134940163e+001
1.60683026932011e+006,-7.41324190363596e+001,9.75185917593839e+001
1.61053439564167e+006,-7.41921207669155e+001,9.74708012081870e+001
1.61424706085627e+006,-7.42517275085326e+001,9.74234356758371e+001
1.61796828464810e+006,-7.43112418053881e+001,9.73764891160594e+001
1.62169808674670e+006,-7.43706661849467e+001,9.73299555981623e+001
1.62543648692713e+006,-7.44300031584816e+001,9.72838293043827e+001
1.62918350501000e+006,-7.44892552215878e+001,9.72381045273044e+001
1.63293916086163e+006,-7.45484248546901e+001,9.71927756673494e+001
1.63670347439414e+006,-7.46075145235449e+001,9.71478372303367e+001
1.64047646556555e+006,-7.46665266797361e+001,9.71032838251097e+001
1.64425815437987e+006,-7.47254637611654e+001,9.70591101612274e+001
1.64804856088724e+006,-7.47843281925372e+001,9.70153110467191e+001
1.65184770518403e+006,-7.48431223858386e+001,9.69718813859006e+001
1.65565560741291e+006,-7.49018487408141e+001,9.69288161772484e+001
1.65947228776300e+006,-7.49605096454359e+001,9.68861105113324e+001
1.66329776646997e+006,-7.50191074763693e+001,9.68437595688035e+001
1.66713206381613e+006,-7.50776445994344e+001,9.68017586184360e+001
1.67097520013052e+006,-7.51361233700627e+001,9.67601030152208e+001
1.67482719578909e+006,-7.51945461337507e+001,9.67187881985115e+001
1.67868807121472e+006,-7.52529152265095e+001,9.66778096902178e+001
1.68255784687740e+006,-7.53112329753103e+001,9.66371630930480e+001
1.68643654329429e+006,-7.53695016985272e+001,9.65968440887970e+001
1.69032418102986e+006,-7.54277237063769e+001,9.65568484366805e+001
1.69422078069596e+006,-7.54859013013549e+001,9.65171719717117e+001
1.69812636295199e+006,-7.55440367786689e+001,9.64778106031211e+001
1.70204094850495e+006,-7.56021324266706e+001,9.64387603128176e+001
1.70596455810959e+006,-7.56601905272835e+001,9.64000171538893e+001
1.70989721256849e+006,-7.57182133564299e+001,9.63615772491439e+001
1.71383893273220e+006,-7.57762031844551e+001,9.63234367896859e+001
1.71778973949932e+006,-7.58341622765497e+001,9.62855920335315e+001
1.72174965381664e+006,-7.58920928931707e+001,9.62480393042588e+001
1.72571869667923e+006,-7.59499972904606e+001,9.62107749896924e+001
1.72969688913056e+006,-7.60078777206651e+001,9.61737955406226e+001
1.73368425226261e+006,-7.60657364325505e+001,9.61370974695567e+001
1.73768080721598e+006,-7.61235756718188e+001,9.61006773495026e+001
1.74168657518001e+006,-7.61813976815231e+001,9.60645318127831e+001
1.74570157739288e+006,-7.62392047024821e+001,9.60286575498811e+001
1.74972583514173e+006,-7.62969989736935e+001,9.59930513083132e+001
1.75375936976279e+006,-7.63547827327482e+001,9.59577098915331e+001
1.75780220264144e+006,-7.64125582162436e+001,9.59226301578615e+001
1.76185435521238e+006,-7.64703276601974e+001,9.58878090194449e+001
1.76591584895973e+006,-7.65280933004614e+001,9.58532434412388e+001
1.76998670541712e+006,-7.65858573731360e+001,9.58189304400182e+001
1.77406694616782e+006,-7.66436221149850e+001,9.57848670834125e+001
1.77815659284487e+006,-7.67013897638519e+001,9.57510504889647e+001
1.78225566713117e+006,-7.67591625590763e+001,9.57174778232149e+001
1.78636419075959e+006,-7.68169427419121e+001,9.56841463008066e+001
1.79048218551312e+006,-7.68747325559468e+001,9.56510531836159e+001
1.79460967322497e+006,-7.69325342475225e+001,9.56181957799022e+001
1.79874667577866e+006,-7.69903500661587e+001,9.55855714434813e+001
1.80289321510816e+006,-7.70481822649768e+001,9.55531775729189e+001
1.80704931319801e+006,-7.71060331011269e+001,9.55210116107446e+001
1.81121499208344e+006,-7.71639048362168e+001,9.54890710426862e+001
1.81539027385045e+006,-7.72217997367441e+001,9.54573533969233e+001
1.81957518063598e+006,-7.72797200745298e+001,9.54258562433599e+001
1.82376973462798e+006,-7.73376681271562e+001,9.53945771929162e+001
1.82797395806557e+006,-7.73956461784071e+001,9.53635138968378e+001
1.83218787323911e+006,-7.74536565187116e+001,9.53326640460231e+001
1.83641150249037e+006,-7.75117014455914e+001,9.53020253703684e+001
1.84064486821260e+006,-7.75697832641121e+001,9.52715956381296e+001
1.84488799285069e+006,-7.76279042873383e+001,9.52413726553005e+001
1.84914089890127e+006,-7.76860668367925e+001,9.52113542650077e+001
1.85340360891282e+006,-7.77442732429197e+001,9.51815383469215e+001
1.85767614548580e+006,-7.78025258455552e+001,9.51519228166820e+001
1.86195853127278e+006,-7.78608269943985e+001,9.51225056253411e+001
1.86625078897854e+006,-7.79191790494914e+001,9.50932847588186e+001
1.87055294136021e+006,-7.79775843817025e+001,9.50642582373744e+001
1.87486501122736e+006,-7.80360453732164e+001,9.50354241150938e+001
1.87918702144216e+006,-7.80945644180297e+001,9.50067804793875e+001
1.88351899491948e+006,-7.81531439224525e+001,9.49783254505057e+001
1.88786095462702e+006,-7.82117863056165e+001,9.49500571810655e+001
1.89221292358541e+006,-7.82704939999905e+001,9.49219738555922e+001
1.89657492486835e+006,-7.83292694519015e+001,9.48940736900727e+001
1.90094698160274e+006,-7.83881151220649e+001,9.48663549315234e+001
1.90532911696880e+006,-7.84470334861206e+001,9.48388158575699e+001
1.90972135420017e+006,-7.85060270351782e+001,9.48114547760388e+001
1.91412371658405e+006,-7.85650982763700e+001,9.47842700245637e+001
1.91853622746133e+006,-7.86242497334122e+001,9.47572599702011e+001
1.92295891022670e+006,-7.86834839471756e+001,9.47304230090600e+001
1.92739178832880e+006,-7.87428034762648e+001,9.47037575659430e+001
1.93183488527028e+006,-7.88022108976080e+001,9.46772620939985e+001
1.93628822460802e+006,-7.88617088070551e+001,9.46509350743851e+001
1.94075182995318e+006,-7.89212998199880e+001,9.46247750159475e+001
1.94522572497134e+006,-7.89809865719397e+001,9.45987804549034e+001
1.94970993338265e+006,-7.90407717192260e+001,9.45729499545415e+001
1.95420447896195e+006,-7.91006579395872e+001,9.45472821049312e+001
1.95870938553885e+006,-7.91606479328432e+001,9.45217755226427e+001
1.96322467699793e+006,-7.92207444215593e+001,9.44964288504788e+001
1.96775037727882e+006,-7.92809501517261e+001,9.44712407572162e+001
1.97228651037633e+006,-7.93412678934514e+001,9.44462099373595e+001
1.97683310034057e+006,-7.94017004416665e+001,9.44213351109041e+001
1.98139017127713e+006,-7.94622506168464e+001,9.43966150231110e+001
1.98595774734714e+006,-7.95229212657448e+001,9.43720484442918e+001
1.99053585276742e+006,-7.95837152621432e+001,9.43476341696042e+001
1.99512451181064e+006,-7.96446355076173e+001,9.43233710188585e+001
1.99972374880542e+006,-7.97056849323183e+001,9.42992578363345e+001
2.00433358813645e+006,-7.97668664957715e+001,9.42752934906086e+001
2.00895405424463e+006,-7.98281831876920e+001,9.42514768743921e+001
2.01358517162723e+006,-7.98896380288185e+001,9.42278069043801e+001
2.01822696483796e+006,-7.99512340717657e+001,9.42042825211105e+001
2.02287945848714e+006,-8.00129744018959e+001,9.41809026888341e+001
2.02754267724185e+006,-8.00748621382102e+001,9.41576663953956e+001
2.03221664582599e+006,-8.01369004342607e+001,9.41345726521252e+001
2.03690138902049e+006,-8.01990924790836e+001,9.41116204937406e+001
2.04159693166339e+006,-8.02614414981548e+001,9.40888089782612e+001
2.04630329864998e+006,-8.03239507543678e+001,9.40661371869320e+001
2.05102051493296e+006,-8.03866235490352e+001,9.40436042241600e+001
2.05574860552254e+006,-8.04494632229156e+001,9.40212092174603e+001
2.06048759548658e+006,-8.05124731572641e+001,9.39989513174157e+001
2.06523750995074e+006,-8.05756567749107e+001,9.39768296976459e+001
2.06999837409858e+006,-8.06390175413645e+001,9.39548435547896e+001
2.07477021317174e+006,-8.07025589659465e+001,9.39329921084985e+001
2.07955305247004e+006,-8.07662846029518e+001,9.39112746014431e+001
2.08434691735160e+006,-8.08301980528410e+001,9.38896902993307e+001
2.08915183323304e+006,-8.08943029634637e+001,9.38682384909367e+001
2.09396782558952e+006,-8.09586030313132e+001,9.38469184881479e+001
2.09879491995496e+006,-8.10231020028159e+001,9.38257296260192e+001
2.10363314192215e+006,-8.10878036756545e+001,9.38046712628441e+001
2.10848251714284e+006,-8.11527119001268e+001,9.37837427802380e+001
2.11334307132794e+006,-8.12178305805428e+001,9.37629435832361e+001
2.11821483024763e+006,-8.12831636766592e+001,9.37422731004053e+001
2.12309781973149e+006,-8.13487152051548e+001,9.37217307839713e+001
2.12799206566864e+006,-8.14144892411465e+001,9.37013161099598e+001
2.13289759400789e+006,-8.14804899197486e+001,9.36810285783543e+001
2.13781443075786e+006,-8.15467214376772e+001,9.36608677132687e+001
2.14274260198712e+006,-8.16131880548995e+001,9.36408330631371e+001
2.14768213382436e+006,-8.16798940963325e+001,9.36209242009203e+001
2.15263305245848e+006,-8.17468439535903e+001,9.36011407243290e+001
2.15759538413875e+006,-8.18140420867836e+001,9.35814822560662e+001
2.16256915517497e+006,-8.18814930263729e+001,9.35619484440865e+001
2.16755439193757e+006,-8.19492013750765e+001,9.35425389618758e+001
2.17255112085778e+006,-8.20171718098372e+001,9.35232535087505e+001
2.17755936842776e+006,-8.20854090838488e+001,9.35040918101764e+001
2.18257916120075e+006,-8.21539180286442e+001,9.34850536181095e+001
2.18761052579118e+006,-8.22227035562490e+001,9.34661387113588e+001
2.19265348887485e+006,-8.22917706614023e+001,9.34473468959713e+001
2.19770807718904e+006,-8.23611244238470e+001,9.34286780056412e+001
2.20277431753269e+006,-8.24307700106932e+001,9.34101319021427e+001
2.20785223676648e+006,-8.25007126788572e+001,9.33917084757898e+001
2.21294186181305e+006,-8.25709577775788e+001,9.33734076459209e+001
2.21804321965708e+006,-8.26415107510209e+001,9.33552293614121e+001
2.22315633734546e+006,-8.27123771409540e+001,9.33371736012188e+001
2.22828124198744e+006,-8.27835625895291e+001,9.33192403749471e+001
2.23341796075473e+006,-8.28550728421432e+001,9.33014297234569e+001
2.23856652088173e+006,-8.29269137504012e+001,9.32837417194964e+001
2.24372694966558e+006,-8.29990912751767e+001,9.32661764683720e+001
2.24889927446636e+006,-8.30716114897788e+001,9.32487341086523e+001
2.25408352270722e+006,-8.31444805832260e+001,9.32314148129099e+001
2.25927972187453e+006,-8.32177048636343e+001,9.32142187885017e+001
2.26448789951802e+006,-8.32912907617235e+001,9.31971462783895e+001
2.26970808325093e+006,-8.33652448344460e+001,9.31801975620032e+001
2.27494030075016e+006,-8.34395737687452e+001,9.31633729561485e+001
2.28018457975640e+006,-8.35142843854472e+001,9.31466728159604e+001
2.28544094807429e+006,-8.35893836432932e+001,9.31300975359064e+001
2.29070943357258e+006,-8.36648786431179e+001,9.31136475508400e+001
2.29599006418426e+006,-8.37407766321806e+001,9.30973233371083e+001
2.30128286790669e+006,-8.38170850086566e+001,9.30811254137158e+001
2.30658787280181e+006,-8.38938113262946e+001,9.30650543435473e+001
2.31190510699622e+006,-8.39709632992495e+001,9.30491107346529e+001
2.31723459868135e+006,-8.40485488070969e+001,9.30332952415989e+001
2.32257637611366e+006,-8.41265759000394e+001,9.30176085668866e+001
2.32793046761471e+006,-8.42050528043118e+001,9.30020514624446e+001
2.33329690157136e+006,-8.42839879277962e+001,9.29866247311962e+001
2.33867570643590e+006,-8.43633898658563e+001,9.29713292287084e+001
2.34406691072624e+006,-8.44432674074005e+001,9.29561658649246e+001
2.34947054302599e+006,-8.45236295411864e+001,9.29411356059872e+001
2.35488663198468e+006,-8.46044854623775e+001,9.29262394761547e+001
2.36031520631786e+006,-8.46858445793634e+001,9.29114785598177e+001
2.36575629480731e+006,-8.47677165208591e+001,9.28968540036208e+001
2.37120992630113e+006,-8.48501111432946e+001,9.28823670186954e+001
2.37667612971394e+006,-8.49330385385105e+001,9.28680188830102e+001
2.38215493402699e+006,-8.50165090417756e+001,9.28538109438464e+001
2.38764636828836e+006,-8.51005332401412e+001,9.28397446204036e+001
2.39315046161310e+006,-8.51851219811509e+001,9.28258214065471e+001
2.39866724318335e+006,-8.52702863819240e+001,9.28120428737011e+001
2.40419674224855e+006,-8.53560378386308e+001,9.27984106739003e+001
2.40973898812554e+006,-8.54423880363825e+001,9.27849265430071e+001
2.41529401019877e+006,-8.55293489595553e+001,9.27715923041054e+001
2.42086183792040e+006,-8.56169329025742e+001,9.27584098710822e+001
2.42644250081051e+006,-8.57051524811797e+001,9.27453812524090e+001
2.43203602845721e+006,-8.57940206442043e+001,9.27325085551344e+001
2.43764245051684e+006,-8.58835506858871e+001,9.27197939891028e+001
2.44326179671407e+006,-8.59737562587559e+001,9.27072398714131e+001
2.44889409684214e+006,-8.60646513871090e+001,9.26948486311333e+001
2.45453938076292e+006,-8.61562504811301e+001,9.26826228142880e+001
2.46019767840716e+006,-8.62485683516728e+001,9.26705650891359e+001
2.46586901977458e+006,-8.63416202257532e+001,9.26586782517591e+001
2.47155343493408e+006,-8.64354217627918e+001,9.26469652319821e+001
2.47725095402386e+006,-8.65299890716491e+001,9.26354290996469e+001
2.48296160725158e+006,-8.66253387285001e+001,9.26240730712654e+001
2.48868542489458e+006,-8.67214877956013e+001,9.26129005170775e+001
2.49442243729996e+006,-8.68184538410014e+001,9.26019149685439e+001
2.50017267488480e+006,-8.69162549592534e+001,9.25911201263024e+001
2.50593616813626e+006,-8.70149097931930e+001,9.25805198686241e+001
2.51171294761184e+006,-8.71144375568450e+001,9.25701182604041e+001
2.51750304393943e+006,-8.72148580595337e+001,9.25599195627262e+001
2.52330648781754e+006,-8.73161917312704e+001,9.25499282430456e+001
2.52912331001547e+006,-8.74184596495017e+001,9.25401489860353e+001
2.53495354137342e+006,-8.75216835673075e+001,9.25305867051464e+001
2.54079721280270e+006,-8.76258859431431e+001,9.25212465549388e+001
2.54665435528588e+006,-8.77310899722287e+001,9.25121339442410e+001
2.55252499987693e+006,-8.78373196196972e+001,9.25032545502048e+001
2.55840917770144e+006,-8.79445996556197e+001,9.24946143333268e+001
2.56430691995672e+006,-8.80529556920372e+001,9.24862195535139e+001
2.57021825791203e+006,-8.81624142221397e+001,9.24780767872787e+001
2.57614322290868e+006,-8.82730026617430e+001,9.24701929461577e+001
2.58208184636025e+006,-8.83847493932258e+001,9.24625752964548e+001
2.58803415975274e+006,-8.84976838121071e+001,9.24552314804220e+001
2.59400019464470e+006,-8.86118363764540e+001,9.24481695390012e+001
2.59997998266748e+006,-8.87272386593307e+001,9.24413979362609e+001
2.60597355552530e+006,-8.88439234045148e+001,9.24349255856786e+001
2.61198094499549e+006,-8.89619245857304e+001,9.24287618784316e+001
2.61800218292865e+006,-8.90812774696647e+001,9.24229167138776e+001
2.62403730124876e+006,-8.92020186830653e+001,9.24174005324257e+001
2.63008633195343e+006,-8.93241862842365e+001,9.24122243510173e+001
2.63614930711401e+006,-8.94478198392883e+001,9.24073998014633e+001
2.64222625887580e+006,-8.95729605035190e+001,9.24029391719073e+001
2.64831721945818e+006,-8.96996511083552e+001,9.23988554517170e+001
2.65442222115484e+006,-8.98279362543083e+001,9.23951623801383e+001
2.66054129633386e+006,-8.99578624104555e+001,9.23918744990844e+001
2.66667447743800e+006,-9.00894780210025e+001,9.23890072104755e+001
2.67282179698475e+006,-9.02228336195409e+001,9.23865768385931e+001
2.67898328756660e+006,-9.03579819516779e+001,9.23846006979672e+001
2.68515898185115e+006,-9.04949781067838e+001,9.23830971673774e+001
2.69134891258133e+006,-9.06338796596844e+001,9.23820857706196e+001
2.69755311257553e+006,-9.07747468232122e+001,9.23815872647702e+001
2.70377161472779e+006,-9.09176426126302e+001,9.23816237367728e+001
2.71000445200801e+006,-9.10626330230547e+001,9.23822187092750e+001
2.71625165746205e+006,-9.12097872211297e+001,9.23833972567678e+001
2.72251326421199e+006,-9.13591777523487e+001,9.23851861332135e+001
2.72878930545624e+006,-9.15108807655823e+001,9.23876139125107e+001
2.73507981446975e+006,-9.16649762565522e+001,9.23907111433286e+001
2.74138482460416e+006,-9.18215483322041e+001,9.23945105200523e+001
2.74770436928801e+006,-9.19806854981677e+001,9.23990470718308e+001
2.75403848202690e+006,-9.21424809717663e+001,9.24043583720017e+001
2.76038719640367e+006,-9.23070330233484e+001,9.24104847705021e+001
2.76675054607857e+006,-9.24744453490725e+001,9.24174696522625e+001
2.77312856478944e+006,-9.26448274786873e+001,9.24253597250356e+001
2.77952128635190e+006,-9.28182952223218e+001,9.24342053406466e+001
2.78592874465953e+006,-9.29949711608508e+001,9.24440608542801e+001
2.79235097368404e+006,-9.31749851850324e+001,9.24549850271626e+001
2.79878800747543e+006,-9.33584750893555e+001,9.24670414788784e+001
2.80523988016223e+006,-9.35455872273927e+001,9.24802991966050e+001
2.81170662595163e+006,-9.37364772364599e+001,9.24948331097992e+001
2.81818827912965e+006,-9.39313108405642e+001,9.25107247403618e+001
2.82468487406139e+006,-9.41302647420046e+001,9.25280629401014e+001
2.83119644519115e+006,-9.43335276136310e+001,9.25469447294804e+001
2.83772302704262e+006,-9.45413012057020e+001,9.25674762542480e+001
2.84426465421909e+006,-9.47538015835868e+001,9.25897738797487e+001
2.85082136140362e+006,-9.49712605153100e+001,9.26139654465815e+001
2.85739318335921e+006,-9.51939270312250e+001,9.26401917160568e+001
2.86398015492902e+006,-9.54220691820747e+001,9.26686080397744e+001
2.87058231103652e+006,-9.56559760264772e+001,9.26993862949242e+001
2.87719968668566e+006,-9.58959598846967e+001,9.27327171359780e+001
2.88383231696113e+006,-9.61423589026413e+001,9.27688126247830e+001
2.89048023702847e+006,-9.63955399787271e+001,9.28079093153542e+001
2.89714348213428e+006,-9.66559021169538e+001,9.28502718877596e+001
2.90382208760644e+006,-9.69238802828104e+001,9.28961974485594e+001
2.91051608885423e+006,-9.71999498551726e+001,9.29460206448701e+001
2.91722552136860e+006,-9.74846317881019e+001,9.30001197773978e+001
2.92395042072228e+006,-9.77784986226541e+001,9.30589241476367e+001
2.93069082257002e+006,-9.80821815221055e+001,9.31229229398757e+001
2.93744676264876e+006,-9.83963785466560e+001,9.31926760253228e+001
2.94421827677782e+006,-9.87218644387208e+001,9.32688271914593e+001
2.95100540085909e+006,-9.90595022615740e+001,9.33521204559683e+001
2.95780817087724e+006,-9.94102573282001e+001,9.34434203375657e+001
2.96462662289987e+006,-9.97752139819491e+001,9.35437372496193e+001
2.97146079307773e+006,-1.00155595957651e+002,9.36542595919245e+001
2.97831071764492e+006,-1.00552791278036e+002,9.37763946945279e+001
2.98517643291905e+006,-1.00968382950203e+002,9.39118215962566e+001
2.99205797530147e+006,-1.01404187156791e+002,9.40625598457817e+001
2.99895538127742e+006,-1.01862301241334e+002,9.42310602944077e+001
3.00586868741626e+006,-1.02345164650629e+002,9.44203265300826e+001
3.01279793037166e+006,-1.02855637249788e+002,9.46340797144313e+001
3.01974314688177e+006,-1.03397101275696e+002,9.48769860308699e+001
3.02670437376944e+006,-1.03973595979991e+002,9.51549762993986e+001
3.03368164794239e+006,-1.04589998295899e+002,9.54757043676338e+001
3.04067500639346e+006,-1.05252269604649e+002,9.58492198363435e+001
3.04768448620071e+006,-1.05967799562642e+002,9.62889814771985e+001
3.05471012452773e+006,-1.06745896028871e+002,9.68134302658085e+001
3.06175195862373e+006,-1.07598501095331e+002,9.74485170464171e+001
3.06881002582384e+006,-1.08541268048877e+002,9.82319319083086e+001
3.07588436354920e+006,-1.09595234609160e+002,9.92205282201822e+001
3.08297500930727e+006,-1.10789518307431e+002,1.00504126103337e+002
3.09008200069194e+006,-1.12165829185655e+002,1.02233043080897e+002
3.09720537538377e+006,-1.13786296174541e+002,1.04677995844641e+002
3.10434517115018e+006,-1.15747158707599e+002,1.08375478347420e+002
3.11150142584566e+006,-1.18199566148507e+002,1.14531690126608e+002
3.11867417741196e+006,-1.21340932898408e+002,1.26314610188795e+002
3.12586346387829e+006,-1.24905699008640e+002,1.52532083096025e+002
3.13306932336154e+006,-1.25544789382445e+002,-1.61724619374299e+002
3.14029179406645e+006,-1.22214834760061e+002,-1.30072041699687e+002
3.14753091428585e+006,-1.18905284145793e+002,-1.15953259288092e+002
3.15478672240083e+006,-1.16314635688575e+002,-1.08864231362973e+002
3.16205925688096e+006,-1.14261581934981e+002,-1.04728224902903e+002
3.16934855628449e+006,-1.12579308069874e+002,-1.02047063327167e+002
3.17665465925858e+006,-1.11160470789104e+002,-1.00177551023780e+002
3.18397760453944e+006,-1.09936299383004e+002,-9.88038268498932e+001
3.19131743095260e+006,-1.08861073040714e+002,-9.77540832341582e+001
3.19867417741310e+006,-1.07903160195743e+002,-9.69272831166132e+001
3.20604788292566e+006,-1.07039883699858e+002,-9.62602761948558e+001
3.21343858658495e+006,-1.06254481813831e+002,-9.57116240529154e+001
3.22084632757574e+006,-1.05534238795848e+002,-9.52530347896813e+001
3.22827114517313e+006,-1.04869291674059e+002,-9.48645455742568e+001
3.23571307874277e+006,-1.04251842785771e+002,-9.45316742690914e+001
3.24317216774104e+006,-1.03675624498166e+002,-9.42436628937282e+001
3.25064845171531e+006,-1.03135525723385e+002,-9.39923548141807e+001
3.25814197030407e+006,-1.02627325238399e+002,-9.37714544508364e+001
3.26565276323721e+006,-1.02147497327655e+002,-9.35760258438113e+001
3.27318087033623e+006,-1.01693067526717e+002,-9.34021448603972e+001
3.28072633151438e+006,-1.01261503788747e+002,-9.32466528503265e+001
3.28828918677695e+006,-1.00850633160301e+002,-9.31069788603539e+001
3.29586947622146e+006,-1.00458577134802e+002,-9.29810091544584e+001
3.30346724003783e+006,-1.00083700889031e+002,-9.28669899903202e+001
3.31108251850866e+006,-9.97245729812169e+001,-9.27634541735851e+001
3.31871535200939e+006,-9.93799330318468e+001,-9.26691648758769e+001
3.32636578100855e+006,-9.90486655660691e+001,-9.25830721638625e+001
3.33403384606796e+006,-9.87297786625145e+001,-9.25042790081509e+001
3.34171958784292e+006,-9.84223863881797e+001,-9.24320144461177e+001
3.34942304708248e+006,-9.81256942426528e+001,-9.23656122025131e+001
3.35714426462961e+006,-9.78389870144298e+001,-9.23044935160171e+001
3.36488328142143e+006,-9.75616185857296e+001,-9.22481532374956e+001
3.37264013848945e+006,-9.72930033227979e+001,-9.21961484954776e+001
3.38041487695975e+006,-9.70326087651129e+001,-9.21480893924907e+001
3.38820753805322e+006,-9.67799493855054e+001,-9.21036313202050e+001
3.39601816308577e+006,-9.65345812385096e+001,-9.20624685741508e+001
3.40384679346855e+006,-9.62960973495778e+001,-9.20243290187305e+001
3.41169347070819e+006,-9.60641237255197e+001,-9.19889696064149e+001
3.41955823640699e+006,-9.58383158884534e+001,-9.19561725957627e+001
3.42744113226315e+006,-9.56183558530170e+001,-9.19257423443700e+001
3.43534220007100e+006,-9.54039494805659e+001,-9.18975025773300e+001
3.44326148172122e+006,-9.51948241553571e+001,-9.18712940509556e+001
3.45119901920105e+006,-9.49907267368500e+001,-9.18469725466228e+001
3.45915485459452e+006,-9.47914217496957e+001,-9.18244071415809e+001
3.46712903008268e+006,-9.45966897790817e+001,-9.18034787131314e+001
3.47512158794382e+006,-9.44063260441109e+001,-9.17840786402490e+001
3.48313257055368e+006,-9.42201391260424e+001,-9.17661076728992e+001
3.49116202038569e+006,-9.40379498316602e+001,-9.17494749443231e+001
3.49920998001120e+006,-9.38595901749117e+001,-9.17340971056361e+001
3.50727649209969e+006,-9.36849024623551e+001,-9.17198975654324e+001
3.51536159941900e+006,-9.35137384699787e+001,-9.17068058198266e+001
3.52346534483557e+006,-9.33459587006585e+001,-9.16947568606300e+001
3.53158777131464e+006,-9.31814317129596e+001,-9.16836906512360e+001
3.53972892192052e+006,-9.30200335132171e+001,-9.16735516613456e+001
3.54788883981678e+006,-9.28616470038712e+001,-9.16642884529719e+001
3.55606756826648e+006,-9.27061614819271e+001,-9.16558533112470e+001
3.56426515063243e+006,-9.25534721821745e+001,-9.16482019144790e+001
3.57248163037740e+006,-9.24034798604585e+001,-9.16412930386735e+001
3.58071705106434e+006,-9.22560904128621e+001,-9.16350882923942e+001
3.58897145635664e+006,-9.21112145271519e+001,-9.16295518783887e+001
3.59724489001833e+006,-9.19687673632621e+001,-9.16246503788807e+001
3.60553739591433e+006,-9.18286682599624e+001,-9.16203525618315e+001
3.61384901801068e+006,-9.16908404651775e+001,-9.16166292058213e+001
3.62217980037478e+006,-9.15552108877068e+001,-9.16134529414942e+001
3.63052978717560e+006,-9.14217098683391e+001,-9.16107981077697e+001
3.63889902268395e+006,-9.12902709685725e+001,-9.16086406212390e+001
3.64728755127267e+006,-9.11608307753401e+001,-9.16069578573584e+001
3.65569541741691e+006,-9.10333287203077e+001,-9.16057285422150e+001
3.66412266569435e+006,-9.09077069124590e+001,-9.16049326537826e+001
3.67256934078540e+006,-9.07839099828138e+001,-9.16045513317119e+001
3.68103548747351e+006,-9.06618849402371e+001,-9.16045667948065e+001
3.68952115064533e+006,-9.05415810374043e+001,-9.16049622654316e+001
3.69802637529101e+006,-9.04229496460760e+001,-9.16057219001855e+001
3.70655120650441e+006,-9.03059441409160e+001,-9.16068307262361e+001
3.71509568948333e+006,-9.01905197911613e+001,-9.16082745827914e+001
3.72365986952977e+006,-9.00766336595152e+001,-9.16100400672254e+001
3.73224379205015e+006,-8.99642445076937e+001,-9.16121144854350e+001
3.74084750255559e+006,-8.98533127081065e+001,-9.16144858060439e+001
3.74947104666210e+006,-8.97438001612015e+001,-9.16171426181106e+001
3.75811447009085e+006,-8.96356702180405e+001,-9.16200740920327e+001
3.76677781866841e+006,-8.95288876077173e+001,-9.16232699433672e+001
3.77546113832699e+006,-8.94234183692553e+001,-9.16267203993183e+001
3.78416447510469e+006,-8.93192297876612e+001,-9.16304161676649e+001
3.79288787514574e+006,-8.92162903338300e+001,-9.16343484079229e+001
3.80163138470072e+006,-8.91145696080299e+001,-9.16385087045583e+001
3.81039505012688e+006,-8.90140382867118e+001,-9.16428890420818e+001
3.81917891788827e+006,-8.89146680724128e+001,-9.16474817818726e+001
3.82798303455610e+006,-8.88164316465397e+001,-9.16522796405940e+001
3.83680744680891e+006,-8.87193026248365e+001,-9.16572756700737e+001
3.84565220143286e+006,-8.86232555153546e+001,-9.16624632385343e+001
3.85451734532196e+006,-8.85282656787585e+001,-9.16678360130696e+001
3.86340292547832e+006,-8.84343092908144e+001,-9.16733879432724e+001
3.87230898901240e+006,-8.83413633069173e+001,-9.16791132459239e+001
3.88123558314327e+006,-8.82494054285267e+001,-9.16850063906683e+001
3.89018275519883e+006,-8.81584140713885e+001,-9.16910620865970e+001
3.89915055261610e+006,-8.80683683354292e+001,-9.16972752696775e+001
3.90813902294146e+006,-8.79792479762205e+001,-9.17036410909644e+001
3.91714821383087e+006,-8.78910333779138e+001,-9.17101549055370e+001
3.92617817305017e+006,-8.78037055275575e+001,-9.17168122621116e+001
3.93522894847530e+006,-8.77172459907115e+001,-9.17236088932811e+001
3.94430058809258e+006,-8.76316368882813e+001,-9.17305407063379e+001
3.95339313999893e+006,-8.75468608745006e+001,-9.17376037746400e+001
3.96250665240216e+006,-8.74629011159920e+001,-9.17447943294835e+001
3.97164117362121e+006,-8.73797412718467e+001,-9.17521087524465e+001
3.98079675208640e+006,-8.72973654746606e+001,-9.17595435681738e+001
3.98997343633969e+006,-8.72157583124754e+001,-9.17670954375715e+001
3.99917127503494e+006,-8.71349048115709e+001,-9.17747611513868e+001
4.00839031693820e+006,-8.70547904200625e+001,-9.17825376241457e+001
4.01763061092789e+006,-8.69754009922584e+001,-9.17904218884270e+001
4.02689220599513e+006,-8.68967227737342e+001,-9.17984110894500e+001
4.03617515124399e+006,-8.68187423870875e+001,-9.18065024799575e+001
4.04547949589171e+006,-8.67414468183331e+001,-9.18146934153734e+001
4.05480528926900e+006,-8.66648234039074e+001,-9.18229813492197e+001
4.06415258082029e+006,-8.65888598182467e+001,-9.18313638287761e+001
4.07352142010399e+006,-8.65135440619120e+001,-9.18398384909673e+001
4.08291185679276e+006,-8.64388644502295e+001,-9.18484030584643e+001
4.09232394067374e+006,-8.63648096024214e+001,-9.18570553359871e+001
4.10175772164889e+006,-8.62913684312014e+001,-9.18657932067958e+001
4.11121324973515e+006,-8.62185301328117e+001,-9.18746146293610e+001
4.12069057506480e+006,-8.61462841774780e+001,-9.18835176342001e+001
4.13018974788569e+006,-8.60746203002636e+001,-9.18925003208729e+001
4.13971081856146e+006,-8.60035284923008e+001,-9.19015608551247e+001
4.14925383757190e+006,-8.59329989923825e+001,-9.19106974661704e+001
4.15881885551315e+006,-8.58630222788953e+001,-9.19199084441104e+001
4.16840592309796e+006,-8.57935890620785e+001,-9.19291921374712e+001
4.17801509115603e+006,-8.57246902765930e+001,-9.19385469508645e+001
4.18764641063420e+006,-8.56563170743847e+001,-9.19479713427567e+001
4.19729993259678e+006,-8.55884608178301e+001,-9.19574638233440e+001
4.20697570822576e+006,-8.55211130731487e+001,-9.19670229525272e+001
4.21667378882116e+006,-8.54542656040716e+001,-9.19766473379803e+001
4.22639422580124e+006,-8.53879103657541e+001,-9.19863356333075e+001
4.23613707070277e+006,-8.53220394989195e+001,-9.19960865362861e+001
4.24590237518135e+006,-8.52566453242267e+001,-9.20058987871873e+001
4.25569019101167e+006,-8.51917203368481e+001,-9.20157711671740e+001
4.26550057008773e+006,-8.51272572012511e+001,-9.20257024967696e+001
4.27533356442320e+006,-8.50632487461721e+001,-9.20356916343951e+001
4.28518922615163e+006,-8.49996879597764e+001,-9.20457374749703e+001
4.29506760752676e+006,-8.49365679849941e+001,-9.20558389485769e+001
4.30496876092278e+006,-8.48738821150255e+001,-9.20659950191788e+001
4.31489273883463e+006,-8.48116237890083e+001,-9.20762046833984e+001
4.32483959387825e+006,-8.47497865878393e+001,-9.20864669693448e+001
4.33480937879086e+006,-8.46883642301453e+001,-9.20967809354921e+001
4.34480214643129e+006,-8.46273505683945e+001,-9.21071456696047e+001
4.35481794978018e+006,-8.45667395851458e+001,-9.21175602877086e+001
4.36485684194033e+006,-8.45065253894270e+001,-9.21280239331042e+001
4.37491887613695e+006,-8.44467022132383e+001,-9.21385357754213e+001
4.38500410571795e+006,-8.43872644081766e+001,-9.21490950097120e+001
4.39511258415420e+006,-8.43282064421732e+001,-9.21597008555809e+001
4.40524436503984e+006,-8.42695228963432e+001,-9.21703525563508e+001
4.41539950209259e+006,-8.42112084619397e+001,-9.21810493782618e+001
4.42557804915395e+006,-8.41532579374103e+001,-9.21917906097027e+001
4.43578006018958e+006,-8.40956662255509e+001,-9.22025755604721e+001
4.44600558928951e+006,-8.40384283307530e+001,-9.22134035610701e+001
4.45625469066850e+006,-8.39815393563417e+001,-9.22242739620167e+001
4.46652741866625e+006,-8.39249945019991e+001,-9.22351861331969e+001
4.47682382774774e+006,-8.38687890612725e+001,-9.22461394632321e+001
4.48714397250351e+006,-8.38129184191608e+001,-9.22571333588742e+001
4.49748790764994e+006,-8.37573780497790e+001,-9.22681672444243e+001
4.50785568802955e+006,-8.37021635140966e+001,-9.22792405611727e+001
4.51824736861127e+006,-8.36472704577465e+001,-9.22903527668602e+001
4.52866300449077e+006,-8.35926946089032e+001,-9.23015033351598e+001
4.53910265089069e+006,-8.35384317762266e+001,-9.23126917551778e+001
4.54956636316102e+006,-8.34844778468695e+001,-9.23239175309732e+001
4.56005419677931e+006,-8.34308287845458e+001,-9.23351801810948e+001
4.57056620735101e+006,-8.33774806276586e+001,-9.23464792381356e+001
4.58110245060976e+006,-8.33244294874841e+001,-9.23578142483030e+001
4.59166298241766e+006,-8.32716715464109e+001,-9.23691847710052e+001
4.60224785876562e+006,-8.32192030562318e+001,-9.23805903784518e+001
4.61285713577357e+006,-8.31670203364869e+001,-9.23920306552690e+001
4.62349086969087e+006,-8.31151197728548e+001,-9.24035051981289e+001
4.63414911689650e+006,-8.30634978155925e+001,-9.24150136153912e+001
4.64483193389944e+006,-8.30121509780198e+001,-9.24265555267580e+001
4.65553937733891e+006,-8.29610758350488e+001,-9.24381305629405e+001
4.66627150398471e+006,-8.29102690217550e+001,-9.24497383653377e+001
4.67702837073751e+006,-8.28597272319903e+001,-9.24613785857253e+001
4.68781003462915e+006,-8.28094472170353e+001,-9.24730508859566e+001
4.69861655282294e+006,-8.27594257842899e+001,-9.24847549376723e+001
4.70944798261396e+006,-8.27096597960012e+001,-9.24964904220211e+001
4.72030438142937e+006,-8.26601461680269e+001,-9.25082570293899e+001
4.73118580682871e+006,-8.26108818686335e+001,-9.25200544591417e+001
4.74209231650423e+006,-8.25618639173277e+001,-9.25318824193643e+001
4.75302396828115e+006,-8.25130893837204e+001,-9.25437406266256e+001
4.76398082011800e+006,-8.24645553864218e+001,-9.25556288057382e+001
4.77496293010692e+006,-8.24162590919668e+001,-9.25675466895310e+001
4.78597035647397e+006,-8.23681977137694e+001,-9.25794940186287e+001
4.79700315757941e+006,-8.23203685111059e+001,-9.25914705412385e+001
4.80806139191807e+006,-8.22727687881248e+001,-9.26034760129434e+001
4.81914511811959e+006,-8.22253958928839e+001,-9.26155101965028e+001
4.83025439494881e+006,-8.21782472164126e+001,-9.26275728616584e+001
4.84138928130598e+006,-8.21313201917992e+001,-9.26396637849478e+001
4.85254983622719e+006,-8.20846122933022e+001,-9.26517827495227e+001
4.86373611888456e+006,-8.20381210354851e+001,-9.26639295449735e+001
4.87494818858667e+006,-8.19918439723733e+001,-9.26761039671594e+001
4.88618610477879e+006,-8.19457786966334e+001,-9.26883058180437e+001
4.89744992704323e+006,-8.18999228387734e+001,-9.27005349055342e+001
4.90873971509966e+006,-8.18542740663636e+001,-9.27127910433286e+001
4.92005552880540e+006,-8.18088300832772e+001,-9.27250740507649e+001
4.93139742815578e+006,-8.17635886289503e+001,-9.27373837526760e+001
4.94276547328443e+006,-8.17185474776608e+001,-9.27497199792490e+001
4.95415972446357e+006,-8.16737044378253e+001,-9.27620825658885e+001
4.96558024210440e+006,-8.16290573513132e+001,-9.27744713530847e+001
4.97702708675736e+006,-8.15846040927789e+001,-9.27868861862846e+001
4.98850031911249e+006,-8.15403425690095e+001,-9.27993269157678e+001
5.00000000000000e+006,-8.14962707182883e+001,-9.28117933965257e+001
